339.5302
4960.5484
4960.5484
4960.5484
1084.8273
1084.8273
1084.8273
1084.8273
1084.8273
1084.8273
1084.8273
1084.8273
1084.8273
58.408
58.408
58.408
58.408
58.408
58.408
58.408
432.2994
432.2994
432.2994
432.2994
618.6877
618.6877
618.6877
481.5881
481.5881
481.5881
481.5881
392.7479
392.7479
5821.3159
5821.3159
5821.3159
1322.4297
1322.4297
1322.4297
1322.4297
1322.4297
1322.4297
1322.4297
1322.4297
1322.4297
1322.4297
1322.4297
1322.4297
1322.4297
1322.4297
1322.4297
1322.4297
1322.4297
1322.4297
1322.4297
1322.4297
1322.4297
1322.4297
1322.4297
1322.4297
1322.4297
1322.4297
1322.4297
1322.4297
1322.4297
1322.4297
1322.4297
1322.4297
1322.4297
1322.4297
1322.4297
1322.4297
1322.4297
1322.4297
1322.4297
1322.4297
1322.4297
1322.4297
1322.4297
1322.4297
1322.4297
1322.4297
1322.4297
1322.4297
1322.4297
1322.4297
1322.4297
1322.4297
1322.4297
1322.4297
1322.4297
1322.4297
1322.4297
1322.4297
1322.4297
1322.4297
1322.4297
1322.4297
1322.4297
1322.4297
1322.4297
1322.4297
1322.4297
1322.4297
1322.4297
1322.4297
1322.4297
1322.4297
1322.4297
1322.4297
1322.4297
308.9417
308.9417
851.6694
999.8755
999.8755
999.8755
999.8755
367.1765
367.1765
367.1765
367.1765
39582.2732
39582.2732
39582.2732
39582.2732
39582.2732
39582.2732
39582.2732
39582.2732
39582.2732
39582.2732
39582.2732
39582.2732
39582.2732
39582.2732
16445.4907
16445.4907
130.1963
130.1963
22647.997
9259.1382
218.5715
218.5715
505.6592
505.6592
326.7191
1725.4804
234.4035
234.4035
1753.2145
368.3775
368.3775
368.3775
2512.9908
172.2696
172.2696
172.2696
172.2696
1750.5161
1750.5161
1750.5161
1750.5161
1750.5161
1750.5161
1750.5161
1750.5161
1824.7692
1322.9883
1322.9883
985.5754
985.5754
985.5754
985.5754
985.5754
985.5754
985.5754
985.5754
985.5754
985.5754
985.5754
985.5754
985.5754
985.5754
466.7799
466.7799
466.7799
466.7799
1221.266
1221.266
1221.266
1221.266
1221.266
1221.266
1221.266
1221.266
1221.266
1221.266
1221.266
1221.266
1221.266
1221.266
1221.266
1221.266
1221.266
1221.266
1221.266
874.1203
874.1203
874.1203
874.1203
874.1203
874.1203
874.1203
874.1203
874.1203
874.1203
874.1203
874.1203
874.1203
874.1203
14585.7319
14585.7319
14585.7319
14585.7319
14585.7319
14585.7319
14585.7319
14585.7319
14585.7319
186.2524
186.2524
186.2524
186.2524
186.2524
186.2524
186.2524
186.2524
186.2524
186.2524
186.2524
186.2524
186.2524
186.2524
186.2524
186.2524
186.2524
186.2524
186.2524
186.2524
186.2524
186.2524
186.2524
186.2524
186.2524
186.2524
1322.9883
1322.9883
1322.9883
1322.9883
1322.9883
1322.9883
1322.9883
1322.9883
1322.9883
1322.9883
1322.9883
1322.9883
1322.9883
1491.6764
1491.6764
1491.6764
1491.6764
1491.6764
1491.6764
1491.6764
1491.6764
1491.6764
1491.6764
1491.6764
1491.6764
1491.6764
1491.6764
1491.6764
1491.6764
89.746
89.746
89.746
9.1425
507.3131
69524.7001
527.2056
5821.3159
1869.1999
1869.1999
1869.1999
1869.1999
1869.1999
6563.5649
698.649
698.649
1749.777
4053.3394
4055.0515
4055.0515
21759.9017
2611.5287
2611.5287
326.0785
5363.1886
5363.1886
5363.1886
1821.9606
1821.9606
1821.9606
296.8272
3.3631
210.0893
4176.4828
449.2504
1025.8
1025.8
1025.8
1615.9219
1615.9219
1615.9219
1615.9219
1615.9219
1615.9219
1899.2442
1899.2442
1899.2442
1899.2442
1899.2442
1899.2442
1899.2442
1899.2442
1899.2442
1899.2442
1899.2442
1899.2442
1899.2442
1899.2442
1899.2442
1899.2442
1899.2442
1899.2442
1899.2442
1899.2442
1899.2442
1899.2442
1899.2442
1899.2442
1899.2442
1899.2442
1899.2442
1899.2442
1899.2442
1899.2442
1899.2442
9259.1382
9259.1382
9259.1382
9259.1382
9259.1382
9259.1382
9259.1382
9259.1382
9259.1382
9259.1382
9259.1382
9259.1382
9259.1382
9259.1382
9259.1382
9259.1382
9259.1382
425.4608
2138.112
2138.112
2138.112
2138.112
2138.112
2138.112
2138.112
2138.112
2138.112
2138.112
2138.112
2138.112
2138.112
2138.112
2138.112
2138.112
2138.112
2138.112
2138.112
2138.112
2138.112
2138.112
2138.112
2138.112
2138.112
2138.112
2138.112
2138.112
2138.112
2138.112
2138.112
2138.112
2138.112
2138.112
2138.112
2138.112
2138.112
2138.112
2138.112
2138.112
2138.112
2138.112
2138.112
2138.112
2138.112
2138.112
2138.112
2138.112
2138.112
2138.112
2138.112
2138.112
2138.112
2138.112
670.2197
670.2197
2611.5287
182.2494
1175.1853
4160.19
4160.19
4160.19
4160.19
4160.19
4160.19
4160.19
4160.19
4160.19
442.8253
442.8253
442.8253
442.8253
442.8253
442.8253
2610.4261
2610.4261
2610.4261
2610.4261
2610.4261
377.347
377.347
377.347
377.347
377.347
377.347
377.347
377.347
377.347
267.4916
267.4916
267.4916
267.4916
267.4916
267.4916
1896.321
11941.6373
198.9642
274.0047
90.693
499.2879
3545.0444
3545.0444
425.4608
125.0909
3069.4124
2054.2703
1725.4804
4227.058
4227.058
2679.2398
2679.2398
2679.2398
2679.2398
2679.2398
698.649
1476.101
414.5333
1379.1066
1379.1066
1379.1066
1470.3426
202.1623
202.1623
202.1623
1126.889
20086.82
20086.82
20086.82
20086.82
20086.82
20086.82
20086.82
20086.82
20086.82
20086.82
20086.82
20086.82
20086.82
20086.82
215.5365
215.5365
215.5365
215.5365
215.5365
215.5365
215.5365
215.5365
215.5365
215.5365
215.5365
215.5365
215.5365
215.5365
215.5365
643.9384
643.9384
643.9384
643.9384
643.9384
643.9384
643.9384
643.9384
643.9384
643.9384
643.9384
643.9384
643.9384
643.9384
643.9384
643.9384
643.9384
643.9384
643.9384
643.9384
643.9384
643.9384
643.9384
643.9384
643.9384
643.9384
643.9384
152.5531
152.5531
152.5531
152.5531
152.5531
152.5531
152.5531
152.5531
152.5531
152.5531
152.5531
152.5531
152.5531
152.5531
152.5531
152.5531
152.5531
152.5531
152.5531
325.6539
3749.0359
31189.8122
17116.6869
744.8687
172.2696
172.2696
172.2696
172.2696
172.2696
172.2696
172.2696
172.2696
172.2696
1271.11
553.1604
383.4123
37.6158
30.7968
1412.6861
1412.6861
392.7479
340.0536
3840.3201
960.2618
960.2618
2225.3756
2949.0516
280.2285
280.2285
280.2285
301.134
2319.7712
4055.0515
4944.3759
817.2075
1127.365
1127.365
1127.365
1127.365
1127.365
1127.365
1127.365
3194.6855
4220.5519
4220.5519
4220.5519
4220.5519
4220.5519
4220.5519
4220.5519
4220.5519
4220.5519
4220.5519
4220.5519
4220.5519
4220.5519
4220.5519
5.5046
40.8118
40.8118
40.8118
40.8118
2057.437
4061.3025
744.8687
2409.7149
2409.7149
2409.7149
2409.7149
2409.7149
2409.7149
2409.7149
2409.7149
2409.7149
2409.7149
2409.7149
2409.7149
2833.4105
2833.4105
2833.4105
2833.4105
2833.4105
2833.4105
2833.4105
2833.4105
2833.4105
2833.4105
2833.4105
2833.4105
2833.4105
2833.4105
431.634
431.634
431.634
431.634
431.634
431.634
1325.0277
1325.0277
1325.0277
1325.0277
1325.0277
1325.0277
1325.0277
1325.0277
1325.0277
1325.0277
1753.2145
1753.2145
1753.2145
1753.2145
1753.2145
1753.2145
1753.2145
1753.2145
1753.2145
1753.2145
1753.2145
726.044
726.044
726.044
726.044
1976.7588
1976.7588
1976.7588
1976.7588
418.0623
1129.1028
1129.1028
1129.1028
1129.1028
4944.3759
1824.7692
1824.7692
1824.7692
1824.7692
1824.7692
1824.7692
1824.7692
1824.7692
1824.7692
1824.7692
1824.7692
1824.7692
1824.7692
1824.7692
1824.7692
1824.7692
1824.7692
2611.5287
184.3855
184.3855
184.3855
1129.1028
1129.1028
1129.1028
1129.1028
1129.1028
1129.1028
1945.4883
1945.4883
1945.4883
1001.4168
1001.4168
594.4271
594.4271
191.1623
191.1623
191.1623
191.1623
817.2075
4952.9133
4952.9133
4952.9133
4952.9133
4952.9133
70.3202
1444.7741
1444.7741
157.1214
697.5737
697.2792
1129.1028
670.2197
1684.4658
382.8221
612.2276
5356.2054
2316.2007
2024.8903
3602.025
12448.1756
756.8412
756.8412
1320.7079
15.6256
1976.7588
4766.0305
4766.0305
4766.0305
4766.0305
4766.0305
4766.0305
4766.0305
4766.0305
4766.0305
4766.0305
4766.0305
1681.8731
5963.0575
670.2197
479.7093
13.7744
13.7744
13.7744
13.7744
1115.5935
90.693
74.2522
278.4088
617.6212
913.3593
15204.4269
15204.4269
15204.4269
1129.1028
1129.1028
5802.3372
5802.3372
5802.3372
8344.052
8344.052
8344.052
8344.052
8344.052
8344.052
8344.052
8344.052
8344.052
8344.052
8344.052
8344.052
8344.052
8344.052
8344.052
8344.052
8344.052
8344.052
8344.052
8344.052
8344.052
8344.052
8344.052
8344.052
8344.052
8344.052
8344.052
8344.052
8344.052
8344.052
8344.052
8344.052
8344.052
8344.052
8344.052
8344.052
8344.052
8344.052
8344.052
8344.052
8344.052
8344.052
8344.052
8344.052
8344.052
8344.052
8344.052
8344.052
8344.052
8344.052
8344.052
8344.052
8344.052
8344.052
8344.052
8344.052
8344.052
8344.052
8344.052
8344.052
8344.052
8344.052
8344.052
8344.052
8344.052
8344.052
8344.052
8344.052
8344.052
8344.052
8344.052
8344.052
8344.052
8344.052
8344.052
618.6877
382.8221
382.8221
21448.6935
2949.0516
3896.0409
1725.4804
13485.0153
13485.0153
726.044
726.044
726.044
726.044
726.044
726.044
726.044
726.044
726.044
726.044
726.044
726.044
726.044
726.044
726.044
726.044
726.044
1322.9883
1322.9883
1322.9883
1322.9883
1322.9883
1945.4883
1945.4883
1945.4883
158.5056
1322.9883
1552.5568
289.2035
2716.9664
2716.9664
86.9864
86.9864
194.2349
194.2349
2050.7293
1554.9501
687.597
1221.266
1221.266
786.5181
2283.0746
1042.288
17143.0727
5584.4363
5584.4363
5584.4363
5584.4363
5584.4363
5584.4363
5584.4363
5584.4363
5584.4363
5584.4363
3189.7684
3189.7684
3189.7684
3189.7684
3840.3201
3840.3201
3840.3201
3840.3201
3840.3201
3840.3201
3840.3201
3840.3201
3840.3201
3840.3201
3840.3201
3840.3201
3840.3201
7087.0796
7087.0796
7087.0796
7087.0796
7087.0796
7087.0796
7087.0796
7087.0796
7087.0796
7087.0796
7087.0796
9039.049
9039.049
9039.049
9039.049
9039.049
9039.049
9039.049
9039.049
431.634
3069.4124
3069.4124
3069.4124
946.928
946.928
3896.0409
3896.0409
3896.0409
133.3664
133.3664
133.3664
158.7793
158.7793
158.7793
158.7793
414.7083
4392.807
4392.807
4392.807
4392.807
15824.9711
64080.2835
1083.1576
334.6743
159.0241
1084.8273
1084.8273
1084.8273
1084.8273
1084.8273
1618.4129
19.3993
19.3993
313.9075
3736.8132
3736.8132
2679.2398
2679.2398
2679.2398
2679.2398
874.1203
874.1203
874.1203
874.1203
1973.7162
1973.7162
3460.7789
3460.7789
3460.7789
506.5323
649.1462
1430.7129
1430.7129
1430.7129
430.89
430.89
888.1703
642.8285
642.8285
642.8285
4385.235
4385.235
644.9311
1430.7129
2376.2547
886.8033
1040.6838
54.0002
158.7123
348.3335
348.3335
4579.1403
4579.1403
4579.1403
12.793
12.793
2283.0746
2283.0746
2283.0746
2283.0746
2283.0746
1470.3426
3743.2656
0.0003
0.0003
7677.3803
7677.3803
7677.3803
7677.3803
7677.3803
7677.3803
42.3389
10.4739
874.1203
106.2468
1430.7129
1430.7129
1175.1853
1175.1853
106.4303
106.4303
818.6185
7702.4921
138.8095
460.8985
399.0606
1001.4168
827.6949
339.5302
806.9107
806.9107
806.9107
806.9107
806.9107
806.9107
806.9107
806.9107
806.9107
806.9107
806.9107
806.9107
806.9107
806.9107
15824.9711
15824.9711
15824.9711
15824.9711
15824.9711
15824.9711
15824.9711
15824.9711
15824.9711
15824.9711
15824.9711
15824.9711
15824.9711
15824.9711
15824.9711
15824.9711
2054.2703
2054.2703
2054.2703
787.7305
787.7305
787.7305
787.7305
2949.0516
2949.0516
2949.0516
2949.0516
6553.4625
6553.4625
399.0606
308.9417
25535.7377
25535.7377
25535.7377
25535.7377
25535.7377
25535.7377
3840.3201
3840.3201
3840.3201
3840.3201
3840.3201
3840.3201
3840.3201
3840.3201
169.5444
169.5444
169.5444
169.5444
169.5444
385.9182
89.746
89.746
89.746
11309.279
11309.279
11309.279
11309.279
687.597
42.412
158.7793
696.3713
3020.8572
3602.025
278.4088
449.0608
4579.1403
4944.3759
4227.058
924.4196
924.4196
5373.7249
1203.7996
16.0061
191.1623
4390.9523
4390.9523
40.6787
3314.231
265.8665
265.8665
57.5726
57.5726
216.3806
216.3806
922.9968
0.1478
210.0006
1795.9031
5163.0052
448.4761
2283.0746
432.2994
3896.0409
353.3876
353.3876
353.3876
353.3876
353.3876
353.3876
353.3876
353.3876
353.3876
353.3876
4061.3025
4061.3025
4061.3025
4061.3025
4061.3025
4061.3025
4061.3025
4061.3025
4061.3025
4061.3025
4061.3025
4061.3025
4061.3025
4061.3025
4061.3025
4061.3025
4061.3025
4061.3025
4061.3025
4061.3025
4061.3025
4061.3025
4061.3025
4061.3025
4061.3025
4061.3025
4061.3025
4061.3025
4061.3025
4061.3025
4061.3025
4061.3025
4061.3025
4061.3025
4061.3025
4061.3025
4061.3025
4061.3025
4061.3025
4061.3025
4061.3025
4061.3025
4061.3025
4061.3025
4061.3025
4061.3025
4061.3025
4061.3025
4061.3025
4061.3025
4061.3025
4061.3025
4061.3025
4061.3025
4061.3025
4061.3025
4061.3025
4061.3025
4061.3025
4061.3025
4061.3025
4061.3025
4061.3025
4061.3025
4061.3025
4061.3025
4061.3025
4061.3025
4061.3025
4061.3025
4061.3025
4061.3025
4061.3025
4061.3025
4061.3025
4061.3025
4061.3025
4061.3025
4061.3025
4061.3025
4061.3025
4061.3025
4061.3025
4061.3025
4061.3025
4061.3025
4061.3025
4061.3025
4061.3025
4061.3025
4061.3025
4061.3025
4061.3025
4061.3025
4061.3025
4061.3025
4061.3025
4061.3025
4061.3025
4061.3025
4061.3025
4061.3025
4061.3025
4061.3025
4061.3025
4061.3025
4061.3025
4061.3025
4061.3025
1893.0522
1893.0522
1893.0522
37.6158
1025.8
1025.8
1025.8
1025.8
158.5056
158.5056
158.5056
158.5056
109.1898
53.146
25170.5279
25170.5279
70.5956
519.6655
519.6655
519.6655
519.6655
1725.4804
1725.4804
10607.5289
4960.5484
2788.5887
643.9384
48504.6407
48504.6407
1223.1486
165.2596
3325.0715
3325.0715
2473.2377
2316.2007
2316.2007
2316.2007
2316.2007
2316.2007
2316.2007
2316.2007
30.0433
36.5099
1530.3523
106.4303
243.0185
367.6552
1945.4883
1173.3765
13464.2599
340.0536
340.0536
1899.2442
1899.2442
1899.2442
1899.2442
1899.2442
1899.2442
3189.7684
58.498
300.6149
90.693
90.693
90.693
432.2994
353.9323
715.6602
715.6602
1795.9031
1795.9031
120.1857
120.1857
526.2968
526.2968
526.2968
120.0007
367.8105
595.3434
744.8687
138.8095
1161.1247
213.3133
202.1623
810.0709
810.0709
810.0709
105.319
186.3311
397.7596
3743.2656
4579.1403
1795.9031
2.9074
1025.8
246.9246
246.9246
1493.9759
960.6674
296.8272
362.5501
377.347
2319.7712
237.242
38.5911
3743.2656
1435.3926
267.4916
7110.2606
1221.266
1221.266
1221.266
1221.266
1221.266
1221.266
2225.3756
2225.3756
2225.3756
22.3626
22.3626
130.1963
130.1963
1221.266
32462.7742
32462.7742
32462.7742
32462.7742
817.2075
6058.9036
548.7226
367.8105
367.8105
367.8105
367.8105
367.8105
263.2601
263.2601
263.2601
263.2601
1470.3426
4952.9133
76.1774
76.1774
172.0044
172.0044
172.0044
172.0044
909.7962
909.7962
909.7962
909.7962
909.7962
236.4685
236.4685
236.4685
236.4685
236.4685
2788.5887
2788.5887
2788.5887
2788.5887
2788.5887
2788.5887
806.9107
806.9107
806.9107
806.9107
806.9107
1592.8111
1592.8111
1592.8111
1592.8111
1592.8111
479.7093
479.7093
479.7093
886.4289
886.4289
886.4289
886.4289
595.3434
595.3434
595.3434
595.3434
1592.8111
1592.8111
1970.3141
1970.3141
1970.3141
843.1326
843.1326
2315.2228
2315.2228
289.7717
289.7717
3896.0409
3896.0409
3896.0409
335.985
335.985
335.985
335.985
335.985
8671.2341
8671.2341
8671.2341
479.7093
479.7093
479.7093
479.7093
479.7093
479.7093
5812.3561
5812.3561
209.7272
209.7272
209.7272
209.7272
209.7272
209.7272
209.7272
209.7272
209.7272
209.7272
209.7272
209.7272
209.7272
209.7272
209.7272
209.7272
209.7272
209.7272
209.7272
209.7272
209.7272
209.7272
209.7272
209.7272
209.7272
209.7272
209.7272
209.7272
209.7272
209.7272
209.7272
209.7272
209.7272
209.7272
209.7272
209.7272
209.7272
209.7272
209.7272
209.7272
1899.2442
1899.2442
1899.2442
1899.2442
1899.2442
1899.2442
1899.2442
1899.2442
1899.2442
1899.2442
1899.2442
1899.2442
1899.2442
1899.2442
1899.2442
1899.2442
1899.2442
1899.2442
1899.2442
1899.2442
1899.2442
1899.2442
1899.2442
1899.2442
1899.2442
1899.2442
1899.2442
1899.2442
1899.2442
1899.2442
1899.2442
1899.2442
1899.2442
1899.2442
1899.2442
1899.2442
1899.2442
1899.2442
1899.2442
1899.2442
1899.2442
1899.2442
1899.2442
1899.2442
1899.2442
1899.2442
1899.2442
2376.2547
2376.2547
2376.2547
2376.2547
2376.2547
2376.2547
2376.2547
2283.0746
888.1703
2225.3756
2225.3756
2225.3756
2225.3756
2225.3756
2225.3756
2225.3756
2225.3756
2225.3756
2225.3756
2225.3756
2225.3756
2225.3756
2225.3756
2225.3756
42504.7214
42504.7214
6459.7355
20938.8592
874.1203
8212.0571
8212.0571
8212.0571
8212.0571
8212.0571
8212.0571
8212.0571
8212.0571
8212.0571
5963.0575
4061.3025
786.5181
201.5032
468.3067
2057.437
2057.437
2057.437
106.5943
755.6763
362.5501
1618.4129
1972.8829
1252.9307
9039.049
1001.4168
4579.1403
17815.2769
3194.6855
4220.5519
4220.5519
14963.9074
14963.9074
14963.9074
14963.9074
609.8393
609.8393
1592.8111
1592.8111
1592.8111
1592.8111
1592.8111
1592.8111
1592.8111
1592.8111
1592.8111
1592.8111
1592.8111
1592.8111
1592.8111
1592.8111
1592.8111
1592.8111
45.9446
45.9446
352.7784
644.9311
644.9311
6550.6956
6550.6956
11941.6373
10.88
877.5437
6.9367
6.9367
6.9367
5365.4539
10591.2023
670.2197
670.2197
670.2197
670.2197
670.2197
308.9417
12936.2862
87.1366
19.8337
585.9257
787.7305
787.7305
1376.984
1376.984
1376.984
1376.984
1376.984
1376.984
1376.984
1376.984
1376.984
1376.984
1376.984
1376.984
1376.984
109.1898
4220.5519
4220.5519
4220.5519
169.5444
74.8527
74.8527
74.8527
74.8527
133.8887
1435.3926
1435.3926
1435.3926
1435.3926
308.9417
308.9417
40.6787
40.6787
40.6787
40.6787
40.6787
40.6787
40.6787
40.6787
40.6787
40.6787
40.6787
40.6787
40.6787
40.6787
40.6787
40.6787
40.6787
40.6787
40.6787
40.6787
40.6787
40.6787
40.6787
40.6787
40.6787
40.6787
40.6787
40.6787
3069.4124
5812.3561
756.8412
172.2696
377.347
377.347
377.347
377.347
377.347
183.6662
183.6662
183.6662
1836.6955
1869.1999
14585.7319
7389.0641
9025.1366
367.1765
1818.82
3997.0566
3997.0566
85.8904
810.0709
5593.0448
5593.0448
5593.0448
5593.0448
5593.0448
5593.0448
6723.3792
6723.3792
6723.3792
6723.3792
839.8435
80.4029
80.4029
80.4029
2050.7293
2283.0746
3314.231
383.4123
1592.8111
9776.8629
1489.1052
1489.1052
1489.1052
644.9311
644.9311
644.9311
644.9311
3319.9537
3319.9537
3319.9537
3272.472
2283.0746
2283.0746
2283.0746
106.4303
106.4303
106.4303
106.4303
3059.4055
3059.4055
3059.4055
3059.4055
3059.4055
3059.4055
3059.4055
3059.4055
3059.4055
3059.4055
3059.4055
3059.4055
3059.4055
3059.4055
3059.4055
3059.4055
2414.4489
2414.4489
2414.4489
2414.4489
2414.4489
2316.2007
2316.2007
2316.2007
2316.2007
2316.2007
2316.2007
2316.2007
2316.2007
2316.2007
2316.2007
2316.2007
2316.2007
2316.2007
2316.2007
2316.2007
2316.2007
158.5056
158.5056
158.5056
158.5056
194.2349
617.6212
267.0799
962.1483
962.1483
962.1483
506.5323
227.4921
18.0469
18.0469
1129.1028
1129.1028
1129.1028
1129.1028
367.1765
382.8221
382.8221
129.9959
120.0007
11491.0566
11491.0566
1111.2415
1111.2415
5081.3313
94.54
94.54
618.6877
30.3564
1824.7692
58.498
236.7768
2138.112
313.9075
313.9075
697.2792
697.2792
697.2792
697.2792
697.2792
10.9726
10.9726
10.9726
10.9726
10.9726
10.9726
1071.8478
102.0806
5504.5682
5504.5682
5504.5682
398.4464
143.3603
165.2596
1221.266
1221.266
1221.266
1221.266
1221.266
1221.266
1221.266
1221.266
1221.266
1221.266
1221.266
1221.266
1221.266
1221.266
1221.266
1221.266
1221.266
1221.266
1221.266
1221.266
1221.266
1221.266
1221.266
1221.266
1221.266
1221.266
1221.266
1221.266
1221.266
1221.266
1221.266
1221.266
1221.266
1221.266
1221.266
1221.266
1221.266
1221.266
1221.266
756.8412
595.3434
289.3257
289.3257
1083.1576
408.7772
540.8748
408.7772
87.1366
301.5982
1549.8806
1945.4883
1111.2415
1945.4883
12.5906
12.5906
12.5906
12.5906
9637.0351
755.6763
609.8393
852.0291
852.0291
37.6158
37.6158
37.6158
37.6158
37.6158
37.6158
37.6158
37.6158
37.6158
37.6158
37.6158
37.6158
37.6158
37.6158
37.6158
37.6158
37.6158
37.6158
37.6158
37.6158
37.6158
37.6158
37.6158
37.6158
37.6158
37.6158
37.6158
37.6158
37.6158
37.6158
37.6158
37.6158
37.6158
37.6158
37.6158
37.6158
37.6158
37.6158
37.6158
37.6158
37.6158
37.6158
37.6158
37.6158
37.6158
37.6158
37.6158
37.6158
37.6158
37.6158
37.6158
37.6158
37.6158
37.6158
37.6158
37.6158
37.6158
37.6158
37.6158
37.6158
37.6158
37.6158
37.6158
37.6158
37.6158
37.6158
37.6158
37.6158
37.6158
37.6158
37.6158
37.6158
37.6158
37.6158
37.6158
37.6158
37.6158
37.6158
37.6158
37.6158
37.6158
1435.3926
1435.3926
1435.3926
1435.3926
1435.3926
1435.3926
1435.3926
1435.3926
1435.3926
1435.3926
1435.3926
1435.3926
1435.3926
1435.3926
1435.3926
1435.3926
1435.3926
1435.3926
1435.3926
1435.3926
1435.3926
1435.3926
1435.3926
1435.3926
1435.3926
1435.3926
1435.3926
1435.3926
1435.3926
1435.3926
1435.3926
1435.3926
1435.3926
1435.3926
1435.3926
1435.3926
1435.3926
1435.3926
1435.3926
1435.3926
1435.3926
1435.3926
1435.3926
1435.3926
1435.3926
1435.3926
1435.3926
1435.3926
1435.3926
1435.3926
1435.3926
1435.3926
1435.3926
1435.3926
1435.3926
1435.3926
1435.3926
1435.3926
1435.3926
1435.3926
1435.3926
1435.3926
1374.6104
1374.6104
1374.6104
1374.6104
1374.6104
1374.6104
1374.6104
1374.6104
1374.6104
1374.6104
1374.6104
1374.6104
1374.6104
1374.6104
1374.6104
1374.6104
1374.6104
1374.6104
1374.6104
1374.6104
1374.6104
1374.6104
1374.6104
1374.6104
1374.6104
1374.6104
1374.6104
1374.6104
1374.6104
1374.6104
1374.6104
1374.6104
1374.6104
1374.6104
1374.6104
1374.6104
1374.6104
1374.6104
1374.6104
1374.6104
1374.6104
1374.6104
1374.6104
1374.6104
1374.6104
1374.6104
1374.6104
1374.6104
1374.6104
1374.6104
1374.6104
1374.6104
1374.6104
1374.6104
1374.6104
1374.6104
1374.6104
1374.6104
1374.6104
1374.6104
1374.6104
1374.6104
1374.6104
1374.6104
1374.6104
1374.6104
1374.6104
1374.6104
1374.6104
1374.6104
1374.6104
1374.6104
1374.6104
1374.6104
1374.6104
1173.3765
1173.3765
1173.3765
1173.3765
1173.3765
1173.3765
1173.3765
1173.3765
1173.3765
1173.3765
1173.3765
1173.3765
1173.3765
1173.3765
1173.3765
1173.3765
1173.3765
1173.3765
1173.3765
1173.3765
1173.3765
1173.3765
1173.3765
1173.3765
1173.3765
1173.3765
1173.3765
1173.3765
1173.3765
1173.3765
1173.3765
1173.3765
1173.3765
1173.3765
1173.3765
1173.3765
1173.3765
1173.3765
1173.3765
1173.3765
1173.3765
1173.3765
1173.3765
1173.3765
1173.3765
1173.3765
1173.3765
1173.3765
1173.3765
1173.3765
1173.3765
1173.3765
1173.3765
1173.3765
1173.3765
1173.3765
1173.3765
1173.3765
1173.3765
1173.3765
1173.3765
1173.3765
1173.3765
1173.3765
1173.3765
1173.3765
1173.3765
1173.3765
1173.3765
1173.3765
1173.3765
1173.3765
1173.3765
1173.3765
1173.3765
1173.3765
1173.3765
1173.3765
1173.3765
1173.3765
1173.3765
1173.3765
1173.3765
1824.7692
1824.7692
1824.7692
1824.7692
1824.7692
1824.7692
1824.7692
1824.7692
1824.7692
1824.7692
1824.7692
1824.7692
1824.7692
1824.7692
1824.7692
1824.7692
1824.7692
1824.7692
1824.7692
1824.7692
1824.7692
1824.7692
1824.7692
1824.7692
1824.7692
1824.7692
1824.7692
1824.7692
1824.7692
1824.7692
1824.7692
1824.7692
1824.7692
1824.7692
1824.7692
1824.7692
1824.7692
1824.7692
1824.7692
1824.7692
1824.7692
1824.7692
1824.7692
1824.7692
1824.7692
1824.7692
1824.7692
1824.7692
1824.7692
1824.7692
1824.7692
1824.7692
1824.7692
1824.7692
1824.7692
1824.7692
1824.7692
1824.7692
1824.7692
1824.7692
1824.7692
1824.7692
1824.7692
1824.7692
1824.7692
1824.7692
1824.7692
1824.7692
1824.7692
1824.7692
1824.7692
1824.7692
1824.7692
1824.7692
1824.7692
1824.7692
1824.7692
2225.3756
2225.3756
2225.3756
2225.3756
2225.3756
2225.3756
2225.3756
2225.3756
2225.3756
2225.3756
2225.3756
2225.3756
2225.3756
2225.3756
2225.3756
2225.3756
2225.3756
2225.3756
2225.3756
2225.3756
2225.3756
2225.3756
2225.3756
2225.3756
2225.3756
2225.3756
2225.3756
2225.3756
2225.3756
2225.3756
2225.3756
2225.3756
2225.3756
2225.3756
2225.3756
2225.3756
2225.3756
2225.3756
2225.3756
2225.3756
2225.3756
2225.3756
2225.3756
2225.3756
2225.3756
2225.3756
2225.3756
2225.3756
2225.3756
2225.3756
2225.3756
2225.3756
2225.3756
2225.3756
2225.3756
2225.3756
2225.3756
2225.3756
2225.3756
2225.3756
2225.3756
2225.3756
2225.3756
2225.3756
2225.3756
2225.3756
2225.3756
2225.3756
2225.3756
2225.3756
2225.3756
2225.3756
2225.3756
2225.3756
2225.3756
2225.3756
2225.3756
2225.3756
3455.4523
3455.4523
3455.4523
3455.4523
3455.4523
3455.4523
3455.4523
3455.4523
3455.4523
3455.4523
3455.4523
3455.4523
3455.4523
3455.4523
3455.4523
3455.4523
3455.4523
3455.4523
3455.4523
3455.4523
3455.4523
3455.4523
3455.4523
3455.4523
3455.4523
3455.4523
3455.4523
3455.4523
1412.6861
1412.6861
1412.6861
1412.6861
1412.6861
1412.6861
1412.6861
1412.6861
1412.6861
1412.6861
1412.6861
1412.6861
1412.6861
1412.6861
1412.6861
1412.6861
1412.6861
1412.6861
1412.6861
1412.6861
1412.6861
1412.6861
1412.6861
1412.6861
1412.6861
1412.6861
1412.6861
1412.6861
1412.6861
1412.6861
1412.6861
1412.6861
1412.6861
1412.6861
1412.6861
1412.6861
1412.6861
1412.6861
1412.6861
1412.6861
1412.6861
1412.6861
1412.6861
1412.6861
1412.6861
1412.6861
1412.6861
1412.6861
1412.6861
1412.6861
1412.6861
1412.6861
1412.6861
1412.6861
1412.6861
1412.6861
1412.6861
1412.6861
1412.6861
1412.6861
1412.6861
1412.6861
1412.6861
1412.6861
1412.6861
1412.6861
1412.6861
1412.6861
1412.6861
1412.6861
1412.6861
1412.6861
1412.6861
1412.6861
1412.6861
1412.6861
1412.6861
1412.6861
1412.6861
1412.6861
1412.6861
1412.6861
1412.6861
1412.6861
1412.6861
1412.6861
1412.6861
1412.6861
1412.6861
1412.6861
1412.6861
1412.6861
1412.6861
1412.6861
1412.6861
1412.6861
1412.6861
1412.6861
1412.6861
1412.6861
1412.6861
1412.6861
1412.6861
1412.6861
1412.6861
1412.6861
1412.6861
1412.6861
1412.6861
1412.6861
1412.6861
6049.578
6049.578
6049.578
6049.578
6049.578
6049.578
6049.578
6049.578
6049.578
6049.578
6049.578
6049.578
6049.578
6049.578
6049.578
6049.578
6049.578
6049.578
6049.578
6049.578
6049.578
6049.578
6049.578
6049.578
6049.578
6049.578
6049.578
6049.578
6049.578
6049.578
6049.578
6049.578
6049.578
6049.578
6049.578
6049.578
6049.578
6049.578
6049.578
6049.578
6049.578
6049.578
6049.578
6049.578
6049.578
6049.578
6049.578
6049.578
6049.578
6049.578
6049.578
6049.578
6049.578
6049.578
6049.578
6049.578
6049.578
6049.578
6049.578
6049.578
6049.578
3020.8572
3020.8572
3020.8572
3020.8572
3020.8572
3020.8572
3020.8572
3020.8572
3020.8572
3020.8572
3020.8572
3020.8572
3020.8572
3020.8572
3020.8572
3020.8572
3020.8572
3020.8572
3020.8572
3020.8572
3020.8572
3020.8572
3020.8572
3020.8572
3020.8572
3020.8572
3020.8572
3020.8572
3020.8572
3020.8572
3020.8572
3020.8572
3020.8572
3020.8572
3020.8572
3020.8572
3020.8572
3020.8572
3020.8572
3020.8572
3020.8572
3020.8572
3020.8572
3020.8572
3020.8572
3020.8572
3020.8572
3020.8572
3020.8572
3020.8572
3020.8572
3020.8572
3020.8572
3020.8572
3020.8572
3020.8572
3020.8572
3020.8572
3020.8572
3020.8572
3020.8572
3020.8572
3020.8572
3020.8572
3020.8572
3020.8572
3020.8572
3020.8572
3020.8572
3020.8572
3020.8572
3020.8572
3020.8572
3020.8572
3020.8572
3020.8572
3020.8572
3020.8572
3020.8572
3020.8572
3020.8572
3020.8572
3020.8572
3020.8572
3020.8572
3020.8572
3020.8572
3020.8572
3020.8572
3020.8572
3020.8572
3020.8572
3020.8572
3020.8572
3020.8572
3020.8572
3020.8572
3020.8572
3020.8572
3020.8572
3020.8572
3020.8572
3020.8572
3020.8572
3020.8572
3020.8572
3020.8572
3020.8572
3020.8572
3020.8572
3020.8572
3020.8572
3020.8572
3020.8572
3020.8572
3020.8572
3020.8572
3020.8572
3020.8572
3020.8572
3020.8572
3020.8572
3020.8572
3020.8572
3020.8572
3020.8572
3020.8572
3020.8572
3020.8572
3020.8572
3020.8572
3020.8572
3020.8572
3020.8572
3020.8572
3020.8572
3020.8572
3020.8572
3020.8572
3020.8572
3020.8572
3020.8572
3020.8572
3020.8572
3020.8572
3020.8572
3020.8572
3020.8572
3020.8572
3020.8572
3020.8572
3020.8572
3020.8572
3020.8572
3020.8572
3020.8572
3020.8572
3020.8572
3020.8572
3020.8572
3020.8572
3020.8572
3020.8572
3020.8572
3020.8572
1156.595
1156.595
1156.595
1156.595
1156.595
1156.595
1156.595
1156.595
1156.595
1156.595
1156.595
1156.595
1156.595
1156.595
1156.595
1156.595
1156.595
1156.595
1156.595
1156.595
1156.595
1156.595
1156.595
1156.595
1156.595
1156.595
1156.595
1156.595
1156.595
1156.595
1156.595
1156.595
1156.595
1156.595
1156.595
1156.595
1156.595
1156.595
1156.595
1156.595
1156.595
1156.595
1156.595
1156.595
1156.595
1156.595
787.7305
787.7305
787.7305
787.7305
787.7305
787.7305
787.7305
787.7305
787.7305
787.7305
787.7305
787.7305
787.7305
787.7305
787.7305
787.7305
787.7305
787.7305
787.7305
787.7305
787.7305
787.7305
787.7305
787.7305
787.7305
787.7305
787.7305
787.7305
787.7305
787.7305
787.7305
787.7305
787.7305
787.7305
787.7305
787.7305
787.7305
787.7305
787.7305
787.7305
787.7305
787.7305
787.7305
787.7305
787.7305
787.7305
787.7305
787.7305
787.7305
787.7305
787.7305
787.7305
787.7305
787.7305
787.7305
787.7305
787.7305
787.7305
787.7305
787.7305
787.7305
787.7305
787.7305
787.7305
787.7305
787.7305
787.7305
787.7305
787.7305
787.7305
787.7305
787.7305
787.7305
787.7305
787.7305
787.7305
787.7305
787.7305
787.7305
787.7305
787.7305
787.7305
787.7305
787.7305
787.7305
787.7305
787.7305
227.5882
227.5882
227.5882
227.5882
227.5882
227.5882
227.5882
227.5882
227.5882
227.5882
227.5882
227.5882
227.5882
227.5882
227.5882
227.5882
227.5882
227.5882
227.5882
227.5882
227.5882
227.5882
227.5882
227.5882
227.5882
227.5882
227.5882
227.5882
227.5882
227.5882
227.5882
227.5882
227.5882
227.5882
227.5882
227.5882
227.5882
227.5882
227.5882
227.5882
227.5882
227.5882
227.5882
227.5882
227.5882
227.5882
227.5882
227.5882
227.5882
227.5882
227.5882
227.5882
227.5882
227.5882
227.5882
227.5882
227.5882
227.5882
227.5882
227.5882
227.5882
227.5882
227.5882
227.5882
227.5882
227.5882
227.5882
227.5882
227.5882
227.5882
227.5882
227.5882
227.5882
227.5882
227.5882
227.5882
227.5882
227.5882
227.5882
227.5882
227.5882
227.5882
227.5882
227.5882
227.5882
227.5882
227.5882
227.5882
227.5882
227.5882
227.5882
227.5882
227.5882
4329.9814
4329.9814
4329.9814
4329.9814
4329.9814
4329.9814
4329.9814
4329.9814
4329.9814
4329.9814
4329.9814
4329.9814
4329.9814
4329.9814
4329.9814
4329.9814
4329.9814
4329.9814
4329.9814
4329.9814
4329.9814
4329.9814
4329.9814
4329.9814
4329.9814
4329.9814
4329.9814
4329.9814
4329.9814
4329.9814
4329.9814
4329.9814
4329.9814
4329.9814
4329.9814
4329.9814
4329.9814
4329.9814
4329.9814
4329.9814
4329.9814
4329.9814
4329.9814
4329.9814
4329.9814
4329.9814
4329.9814
4329.9814
4329.9814
4329.9814
4329.9814
4329.9814
4329.9814
4329.9814
4329.9814
4329.9814
4329.9814
4329.9814
4329.9814
4329.9814
4329.9814
4329.9814
4329.9814
4329.9814
4329.9814
4329.9814
4329.9814
4329.9814
4329.9814
4329.9814
4329.9814
4329.9814
4329.9814
4329.9814
4329.9814
4329.9814
4329.9814
4329.9814
4329.9814
4329.9814
4329.9814
4329.9814
4329.9814
4329.9814
4329.9814
4329.9814
4329.9814
1040.6838
1040.6838
1040.6838
1040.6838
1040.6838
1040.6838
1040.6838
1040.6838
1040.6838
1040.6838
1040.6838
1040.6838
1040.6838
1040.6838
1040.6838
1040.6838
1040.6838
1040.6838
1040.6838
1040.6838
1040.6838
1040.6838
1040.6838
1040.6838
1040.6838
1040.6838
1040.6838
1040.6838
1040.6838
1040.6838
1040.6838
1040.6838
1040.6838
1040.6838
1040.6838
1040.6838
1040.6838
1040.6838
1040.6838
1040.6838
1040.6838
1040.6838
1040.6838
1040.6838
1040.6838
1040.6838
1040.6838
1040.6838
1040.6838
1040.6838
1040.6838
1040.6838
1040.6838
1040.6838
1040.6838
1040.6838
1040.6838
1040.6838
1040.6838
1040.6838
1040.6838
1040.6838
1040.6838
1040.6838
1040.6838
1040.6838
1040.6838
1040.6838
1040.6838
198.9642
198.9642
198.9642
198.9642
198.9642
198.9642
198.9642
198.9642
198.9642
198.9642
198.9642
198.9642
198.9642
198.9642
198.9642
198.9642
198.9642
198.9642
198.9642
198.9642
198.9642
198.9642
198.9642
198.9642
198.9642
198.9642
198.9642
198.9642
198.9642
198.9642
198.9642
198.9642
198.9642
198.9642
198.9642
198.9642
198.9642
198.9642
198.9642
198.9642
198.9642
198.9642
198.9642
198.9642
198.9642
198.9642
198.9642
198.9642
198.9642
198.9642
198.9642
198.9642
198.9642
198.9642
198.9642
198.9642
198.9642
198.9642
198.9642
198.9642
198.9642
198.9642
198.9642
198.9642
198.9642
198.9642
198.9642
198.9642
198.9642
198.9642
198.9642
198.9642
198.9642
198.9642
198.9642
198.9642
13271.6952
13271.6952
13271.6952
13271.6952
13271.6952
13271.6952
13271.6952
13271.6952
13271.6952
13271.6952
13271.6952
13271.6952
13271.6952
13271.6952
13271.6952
13271.6952
13271.6952
13271.6952
13271.6952
13271.6952
13271.6952
13271.6952
13271.6952
13271.6952
13271.6952
13271.6952
13271.6952
13271.6952
13271.6952
13271.6952
13271.6952
13271.6952
13271.6952
13271.6952
13271.6952
13271.6952
13271.6952
13271.6952
1175.1853
1175.1853
1175.1853
1175.1853
1175.1853
1175.1853
1175.1853
1175.1853
1175.1853
1175.1853
1175.1853
1175.1853
1175.1853
1175.1853
1175.1853
1175.1853
1175.1853
1175.1853
1175.1853
1175.1853
1175.1853
1175.1853
1175.1853
1175.1853
1175.1853
1175.1853
1175.1853
1175.1853
1175.1853
1175.1853
1175.1853
1175.1853
1175.1853
1175.1853
1175.1853
1175.1853
1175.1853
1175.1853
1175.1853
1175.1853
1175.1853
1175.1853
1175.1853
1175.1853
1175.1853
1175.1853
1175.1853
1175.1853
1175.1853
1175.1853
1175.1853
1175.1853
326.2162
326.2162
326.2162
326.2162
326.2162
326.2162
326.2162
326.2162
326.2162
326.2162
326.2162
326.2162
326.2162
326.2162
326.2162
326.2162
326.2162
326.2162
326.2162
326.2162
326.2162
326.2162
326.2162
326.2162
326.2162
326.2162
326.2162
326.2162
326.2162
326.2162
326.2162
326.2162
326.2162
326.2162
326.2162
326.2162
326.2162
326.2162
326.2162
326.2162
326.2162
326.2162
326.2162
326.2162
326.2162
326.2162
326.2162
326.2162
326.2162
326.2162
326.2162
326.2162
326.2162
326.2162
326.2162
17815.2769
17815.2769
17815.2769
17815.2769
17815.2769
17815.2769
17815.2769
17815.2769
17815.2769
17815.2769
17815.2769
17815.2769
17815.2769
17815.2769
17815.2769
17815.2769
17815.2769
17815.2769
17815.2769
17815.2769
17815.2769
17815.2769
17815.2769
17815.2769
17815.2769
17815.2769
17815.2769
17815.2769
17815.2769
17815.2769
17815.2769
17815.2769
17815.2769
17815.2769
17815.2769
17815.2769
17815.2769
17815.2769
17815.2769
17815.2769
17815.2769
17815.2769
17815.2769
17815.2769
17815.2769
17815.2769
17815.2769
17815.2769
17815.2769
17815.2769
17815.2769
17815.2769
17815.2769
17815.2769
17815.2769
17815.2769
17815.2769
17815.2769
17815.2769
17815.2769
17815.2769
17815.2769
17815.2769
17815.2769
17815.2769
17815.2769
17815.2769
17815.2769
17815.2769
17815.2769
17815.2769
17815.2769
17815.2769
17815.2769
17815.2769
17815.2769
17815.2769
17815.2769
17815.2769
17815.2769
17815.2769
744.8687
744.8687
744.8687
744.8687
744.8687
744.8687
744.8687
744.8687
744.8687
744.8687
744.8687
744.8687
744.8687
744.8687
744.8687
744.8687
744.8687
744.8687
744.8687
744.8687
744.8687
744.8687
744.8687
744.8687
744.8687
744.8687
744.8687
744.8687
744.8687
744.8687
744.8687
744.8687
744.8687
744.8687
744.8687
744.8687
744.8687
744.8687
744.8687
744.8687
744.8687
744.8687
744.8687
744.8687
744.8687
744.8687
744.8687
744.8687
744.8687
744.8687
744.8687
744.8687
744.8687
744.8687
744.8687
744.8687
744.8687
744.8687
744.8687
744.8687
744.8687
744.8687
744.8687
744.8687
744.8687
744.8687
744.8687
744.8687
744.8687
744.8687
744.8687
744.8687
744.8687
744.8687
744.8687
744.8687
744.8687
744.8687
744.8687
744.8687
744.8687
744.8687
744.8687
744.8687
744.8687
744.8687
744.8687
744.8687
744.8687
744.8687
744.8687
744.8687
744.8687
744.8687
744.8687
744.8687
744.8687
2054.2703
2054.2703
2054.2703
2054.2703
2054.2703
2054.2703
2054.2703
2054.2703
2054.2703
2054.2703
2054.2703
2054.2703
2054.2703
2054.2703
2054.2703
2054.2703
2054.2703
2054.2703
2054.2703
2054.2703
2054.2703
2054.2703
2054.2703
2054.2703
2054.2703
2054.2703
2054.2703
2054.2703
2054.2703
2054.2703
2054.2703
2054.2703
2054.2703
2054.2703
2054.2703
2054.2703
2054.2703
2054.2703
2054.2703
2054.2703
2054.2703
2054.2703
2054.2703
2054.2703
2054.2703
2054.2703
2054.2703
2054.2703
2054.2703
2054.2703
2054.2703
2054.2703
2054.2703
2054.2703
2054.2703
2054.2703
2054.2703
2054.2703
2054.2703
2054.2703
2054.2703
2054.2703
2054.2703
2054.2703
2054.2703
2054.2703
2054.2703
2054.2703
2054.2703
2054.2703
2054.2703
2054.2703
2054.2703
2054.2703
2054.2703
2054.2703
2054.2703
2054.2703
2054.2703
2054.2703
2054.2703
2054.2703
2054.2703
2054.2703
2054.2703
2054.2703
2054.2703
2054.2703
2054.2703
2054.2703
2054.2703
2054.2703
2054.2703
2054.2703
2054.2703
2054.2703
2054.2703
2054.2703
2054.2703
2054.2703
2054.2703
2054.2703
2054.2703
2054.2703
2054.2703
2054.2703
2054.2703
2054.2703
2054.2703
16470.8418
16470.8418
16470.8418
16470.8418
16470.8418
16470.8418
16470.8418
16470.8418
16470.8418
16470.8418
16470.8418
16470.8418
16470.8418
16470.8418
16470.8418
16470.8418
16470.8418
16470.8418
16470.8418
16470.8418
16470.8418
17087.1825
17087.1825
17087.1825
17087.1825
17087.1825
17087.1825
17087.1825
17087.1825
17087.1825
17087.1825
17087.1825
17087.1825
17087.1825
17087.1825
17087.1825
17087.1825
17087.1825
17087.1825
17087.1825
17087.1825
17087.1825
17087.1825
17087.1825
17087.1825
17087.1825
17087.1825
17087.1825
17087.1825
17087.1825
17087.1825
962.1483
962.1483
962.1483
962.1483
962.1483
962.1483
962.1483
962.1483
962.1483
962.1483
962.1483
962.1483
962.1483
962.1483
962.1483
962.1483
962.1483
962.1483
962.1483
962.1483
962.1483
962.1483
962.1483
962.1483
962.1483
962.1483
962.1483
962.1483
962.1483
962.1483
962.1483
962.1483
962.1483
962.1483
962.1483
775.2693
775.2693
775.2693
775.2693
775.2693
775.2693
775.2693
775.2693
775.2693
775.2693
775.2693
775.2693
775.2693
775.2693
775.2693
775.2693
775.2693
775.2693
775.2693
775.2693
775.2693
775.2693
775.2693
775.2693
775.2693
775.2693
775.2693
775.2693
775.2693
775.2693
775.2693
775.2693
775.2693
775.2693
775.2693
775.2693
775.2693
775.2693
775.2693
775.2693
775.2693
775.2693
775.2693
775.2693
775.2693
775.2693
775.2693
775.2693
775.2693
775.2693
775.2693
775.2693
775.2693
775.2693
775.2693
775.2693
775.2693
775.2693
775.2693
775.2693
775.2693
775.2693
775.2693
775.2693
775.2693
775.2693
775.2693
775.2693
775.2693
775.2693
775.2693
775.2693
775.2693
775.2693
775.2693
775.2693
775.2693
775.2693
775.2693
775.2693
775.2693
775.2693
775.2693
775.2693
775.2693
775.2693
775.2693
775.2693
775.2693
775.2693
775.2693
775.2693
775.2693
775.2693
775.2693
8684.601
8684.601
8684.601
8684.601
8684.601
8684.601
8684.601
8684.601
8684.601
8684.601
8684.601
8684.601
8684.601
8684.601
8684.601
8684.601
8684.601
8684.601
8684.601
8684.601
8684.601
8684.601
8684.601
8684.601
8684.601
8684.601
8684.601
8684.601
8684.601
8684.601
8684.601
8684.601
8684.601
8684.601
8684.601
8684.601
8684.601
8684.601
8684.601
8684.601
8684.601
8684.601
8684.601
8684.601
8684.601
8684.601
8684.601
8684.601
8684.601
8684.601
8684.601
8684.601
8684.601
8684.601
8684.601
8684.601
10439.7279
10439.7279
10439.7279
10439.7279
10439.7279
10439.7279
10439.7279
10439.7279
10439.7279
10439.7279
10439.7279
10439.7279
10439.7279
10439.7279
2902.4004
2902.4004
2902.4004
2902.4004
2902.4004
2902.4004
2902.4004
2902.4004
2902.4004
2902.4004
2902.4004
2902.4004
2902.4004
2902.4004
2902.4004
2902.4004
2902.4004
2902.4004
2902.4004
2902.4004
2902.4004
2902.4004
2902.4004
1435.3926
1435.3926
1435.3926
1435.3926
1435.3926
1435.3926
1435.3926
1435.3926
1435.3926
1435.3926
1435.3926
1435.3926
1435.3926
1435.3926
1435.3926
1435.3926
1435.3926
1435.3926
1435.3926
1435.3926
1435.3926
1435.3926
1435.3926
1435.3926
1435.3926
1435.3926
1435.3926
1435.3926
1435.3926
1435.3926
1435.3926
1435.3926
1435.3926
1435.3926
1435.3926
1435.3926
1435.3926
1435.3926
1038.8899
1038.8899
1038.8899
1038.8899
1038.8899
1038.8899
1038.8899
1038.8899
1038.8899
1038.8899
1038.8899
1038.8899
1038.8899
1038.8899
1038.8899
1038.8899
1038.8899
885.2747
885.2747
885.2747
885.2747
885.2747
885.2747
885.2747
885.2747
885.2747
885.2747
885.2747
885.2747
885.2747
885.2747
885.2747
885.2747
885.2747
885.2747
885.2747
885.2747
885.2747
885.2747
885.2747
885.2747
885.2747
885.2747
885.2747
885.2747
885.2747
885.2747
885.2747
885.2747
885.2747
885.2747
885.2747
885.2747
885.2747
2512.9908
2512.9908
2512.9908
2512.9908
2512.9908
2512.9908
2512.9908
2512.9908
2512.9908
2512.9908
2512.9908
2512.9908
2512.9908
2512.9908
2512.9908
2512.9908
2512.9908
2512.9908
2512.9908
2512.9908
2512.9908
2512.9908
2512.9908
2512.9908
2512.9908
2512.9908
2512.9908
2512.9908
2512.9908
2512.9908
2512.9908
2512.9908
2512.9908
2512.9908
2512.9908
2512.9908
2512.9908
2512.9908
2512.9908
2512.9908
2512.9908
2512.9908
2512.9908
2512.9908
2512.9908
2512.9908
2512.9908
2512.9908
2512.9908
2512.9908
2512.9908
2512.9908
2512.9908
2512.9908
2512.9908
2512.9908
2512.9908
2512.9908
15824.9711
15824.9711
15824.9711
15824.9711
15824.9711
15824.9711
15824.9711
15824.9711
15824.9711
15824.9711
15824.9711
15824.9711
15824.9711
15824.9711
15824.9711
15824.9711
15824.9711
15824.9711
15824.9711
15824.9711
15824.9711
15824.9711
15824.9711
15824.9711
15824.9711
15824.9711
15824.9711
15824.9711
15824.9711
15824.9711
15824.9711
15824.9711
15824.9711
15824.9711
15824.9711
15824.9711
15824.9711
15824.9711
15824.9711
15824.9711
15824.9711
15824.9711
15824.9711
15824.9711
15824.9711
15824.9711
15824.9711
15824.9711
15824.9711
15824.9711
15824.9711
15824.9711
15824.9711
15824.9711
15824.9711
15824.9711
15824.9711
15824.9711
15824.9711
15824.9711
15824.9711
15824.9711
15824.9711
15824.9711
15824.9711
15824.9711
15824.9711
15824.9711
15824.9711
15824.9711
1554.9501
1554.9501
1554.9501
1554.9501
1554.9501
1554.9501
1554.9501
1554.9501
1554.9501
1554.9501
1554.9501
1554.9501
1435.3926
1435.3926
1435.3926
1435.3926
1435.3926
1435.3926
1435.3926
1435.3926
1435.3926
1435.3926
1435.3926
1435.3926
1252.9307
1252.9307
1252.9307
50.174
8344.052
8344.052
8344.052
51.5675
2141.408
2141.408
697.2792
697.2792
697.2792
697.2792
697.2792
83.8488
83.8488
83.8488
83.8488
83.8488
83.8488
83.8488
83.8488
83.8488
83.8488
83.8488
83.8488
83.8488
83.8488
83.8488
83.8488
83.8488
83.8488
83.8488
83.8488
83.8488
83.8488
83.8488
83.8488
83.8488
83.8488
83.8488
83.8488
83.8488
83.8488
83.8488
83.8488
83.8488
83.8488
83.8488
83.8488
83.8488
83.8488
83.8488
83.8488
83.8488
83.8488
83.8488
83.8488
83.8488
83.8488
83.8488
83.8488
83.8488
83.8488
83.8488
83.8488
83.8488
83.8488
83.8488
83.8488
83.8488
83.8488
83.8488
83.8488
83.8488
83.8488
83.8488
83.8488
2824.173
2824.173
2824.173
2824.173
2824.173
2824.173
2824.173
2824.173
2824.173
2824.173
2824.173
2824.173
2824.173
2824.173
2824.173
2824.173
2824.173
2824.173
2824.173
2824.173
2824.173
2824.173
2824.173
2824.173
2824.173
2824.173
2824.173
2824.173
2824.173
2824.173
2824.173
2824.173
2824.173
2824.173
2824.173
2824.173
2824.173
2824.173
2824.173
2824.173
2824.173
1042.288
1042.288
1042.288
1042.288
1042.288
1042.288
1042.288
1042.288
1042.288
1042.288
1042.288
1042.288
1042.288
1042.288
1042.288
1042.288
1042.288
1042.288
1042.288
1042.288
1042.288
1042.288
1042.288
1042.288
1042.288
1042.288
1042.288
1042.288
1042.288
1042.288
1042.288
1042.288
1042.288
1042.288
1042.288
1042.288
1042.288
1042.288
1042.288
1042.288
1042.288
1042.288
1042.288
1042.288
1042.288
1042.288
1042.288
1042.288
1042.288
1042.288
1042.288
1042.288
1042.288
1042.288
1042.288
1042.288
1042.288
1042.288
1042.288
1042.288
1042.288
1042.288
1042.288
1042.288
1042.288
1042.288
1042.288
1042.288
1042.288
1042.288
1042.288
1042.288
1042.288
1042.288
353.9323
353.9323
353.9323
353.9323
353.9323
353.9323
353.9323
353.9323
353.9323
353.9323
353.9323
353.9323
353.9323
353.9323
353.9323
353.9323
353.9323
353.9323
353.9323
353.9323
353.9323
353.9323
353.9323
353.9323
353.9323
353.9323
353.9323
353.9323
353.9323
353.9323
353.9323
353.9323
353.9323
353.9323
353.9323
353.9323
353.9323
353.9323
353.9323
353.9323
353.9323
353.9323
353.9323
353.9323
353.9323
353.9323
353.9323
353.9323
353.9323
353.9323
353.9323
353.9323
353.9323
353.9323
353.9323
353.9323
353.9323
353.9323
353.9323
353.9323
353.9323
353.9323
353.9323
353.9323
353.9323
353.9323
353.9323
353.9323
353.9323
353.9323
353.9323
353.9323
353.9323
353.9323
353.9323
353.9323
353.9323
353.9323
353.9323
353.9323
353.9323
353.9323
353.9323
353.9323
353.9323
353.9323
353.9323
1325.0277
1325.0277
1325.0277
1325.0277
1325.0277
1325.0277
1325.0277
1325.0277
1325.0277
1325.0277
1325.0277
1325.0277
1325.0277
1325.0277
1325.0277
1325.0277
1325.0277
1325.0277
1325.0277
1325.0277
1325.0277
1325.0277
1325.0277
1325.0277
1325.0277
1325.0277
1325.0277
1325.0277
1325.0277
1325.0277
1325.0277
1325.0277
1325.0277
1325.0277
1325.0277
1325.0277
1325.0277
1325.0277
1325.0277
1325.0277
1325.0277
1325.0277
1325.0277
1325.0277
1325.0277
1325.0277
1325.0277
1325.0277
1325.0277
1325.0277
1325.0277
1325.0277
1325.0277
1325.0277
1325.0277
1325.0277
1325.0277
1325.0277
1325.0277
1325.0277
1325.0277
1325.0277
1325.0277
1325.0277
3460.7789
3460.7789
3460.7789
3460.7789
3460.7789
3460.7789
3460.7789
3460.7789
3460.7789
3460.7789
3460.7789
3460.7789
3460.7789
3460.7789
3460.7789
3460.7789
3460.7789
3460.7789
3460.7789
3460.7789
3460.7789
3460.7789
3460.7789
3460.7789
3460.7789
3460.7789
3460.7789
3460.7789
3460.7789
3460.7789
2319.7712
2319.7712
2319.7712
2319.7712
2319.7712
2319.7712
2319.7712
2319.7712
2319.7712
2319.7712
2319.7712
2319.7712
2319.7712
2319.7712
2319.7712
2319.7712
2319.7712
2319.7712
2319.7712
2319.7712
2319.7712
2319.7712
2319.7712
2319.7712
2319.7712
2319.7712
2319.7712
2319.7712
2319.7712
2319.7712
2319.7712
2319.7712
2319.7712
2319.7712
2319.7712
2319.7712
2319.7712
2319.7712
2319.7712
2319.7712
2319.7712
2319.7712
2319.7712
2319.7712
2319.7712
2319.7712
2319.7712
2319.7712
2319.7712
2319.7712
2319.7712
2319.7712
2319.7712
2319.7712
2319.7712
1219.1609
1219.1609
1219.1609
1219.1609
1219.1609
1219.1609
1219.1609
1219.1609
1219.1609
1219.1609
1219.1609
1219.1609
1219.1609
1219.1609
1219.1609
1219.1609
1219.1609
1219.1609
1219.1609
1219.1609
1219.1609
1219.1609
1219.1609
1219.1609
1219.1609
1219.1609
1219.1609
1219.1609
1219.1609
1219.1609
1219.1609
1219.1609
1219.1609
1219.1609
1219.1609
1219.1609
1219.1609
1219.1609
1219.1609
1219.1609
1219.1609
1219.1609
1219.1609
1219.1609
1219.1609
1219.1609
1219.1609
1219.1609
1219.1609
1219.1609
1219.1609
1219.1609
1219.1609
1219.1609
1219.1609
1219.1609
1219.1609
1219.1609
1219.1609
1219.1609
1219.1609
1219.1609
1219.1609
1219.1609
540.8748
540.8748
540.8748
540.8748
540.8748
540.8748
540.8748
540.8748
540.8748
540.8748
540.8748
540.8748
540.8748
540.8748
540.8748
540.8748
540.8748
540.8748
540.8748
540.8748
540.8748
540.8748
540.8748
540.8748
540.8748
540.8748
540.8748
540.8748
540.8748
540.8748
540.8748
540.8748
1172.8811
1172.8811
1172.8811
1172.8811
1172.8811
1172.8811
1172.8811
1172.8811
1172.8811
1172.8811
1172.8811
1172.8811
1172.8811
1172.8811
1172.8811
1172.8811
1172.8811
1172.8811
1172.8811
1172.8811
1172.8811
1172.8811
1172.8811
1172.8811
1172.8811
1172.8811
1172.8811
1172.8811
1172.8811
1172.8811
1172.8811
1172.8811
1172.8811
1172.8811
1172.8811
1172.8811
1172.8811
1172.8811
1172.8811
1172.8811
1172.8811
1172.8811
1172.8811
1172.8811
1172.8811
1172.8811
1172.8811
1172.8811
1172.8811
1172.8811
1172.8811
28.0223
28.0223
28.0223
28.0223
28.0223
28.0223
28.0223
28.0223
28.0223
28.0223
28.0223
28.0223
28.0223
28.0223
28.0223
28.0223
28.0223
28.0223
28.0223
28.0223
28.0223
28.0223
28.0223
28.0223
28.0223
28.0223
28.0223
28.0223
28.0223
28.0223
28.0223
28.0223
28.0223
28.0223
28.0223
28.0223
28.0223
28.0223
28.0223
28.0223
28.0223
28.0223
28.0223
28.0223
28.0223
28.0223
28.0223
28.0223
4960.5484
4960.5484
4960.5484
4960.5484
4960.5484
4960.5484
4960.5484
4960.5484
4960.5484
4960.5484
4960.5484
4960.5484
4960.5484
4960.5484
4960.5484
4960.5484
4960.5484
4960.5484
4960.5484
4960.5484
4960.5484
4960.5484
4960.5484
4960.5484
4960.5484
4960.5484
4960.5484
4960.5484
4960.5484
4960.5484
4960.5484
4960.5484
4960.5484
4960.5484
4960.5484
4960.5484
4960.5484
4960.5484
4960.5484
4960.5484
4960.5484
4960.5484
277.9803
277.9803
277.9803
277.9803
277.9803
277.9803
277.9803
277.9803
277.9803
277.9803
277.9803
277.9803
277.9803
277.9803
277.9803
277.9803
277.9803
277.9803
277.9803
277.9803
277.9803
277.9803
277.9803
277.9803
277.9803
277.9803
277.9803
277.9803
277.9803
277.9803
277.9803
277.9803
277.9803
277.9803
277.9803
277.9803
277.9803
277.9803
277.9803
277.9803
277.9803
277.9803
277.9803
277.9803
277.9803
277.9803
277.9803
277.9803
277.9803
277.9803
277.9803
277.9803
277.9803
277.9803
277.9803
277.9803
277.9803
277.9803
277.9803
277.9803
277.9803
277.9803
277.9803
277.9803
277.9803
277.9803
277.9803
2610.4261
2610.4261
2610.4261
2610.4261
2610.4261
2610.4261
2610.4261
2610.4261
2610.4261
2610.4261
2610.4261
2610.4261
2610.4261
2610.4261
2610.4261
2610.4261
2610.4261
2610.4261
2610.4261
2610.4261
2610.4261
2610.4261
2610.4261
2610.4261
2610.4261
2610.4261
2610.4261
2610.4261
2610.4261
2610.4261
2610.4261
2610.4261
2610.4261
2610.4261
2610.4261
2610.4261
2610.4261
2610.4261
2610.4261
2610.4261
2610.4261
2610.4261
2610.4261
2610.4261
2610.4261
2610.4261
2610.4261
2610.4261
2610.4261
2610.4261
2610.4261
2610.4261
2610.4261
2610.4261
2610.4261
2610.4261
2610.4261
2610.4261
2610.4261
2610.4261
2610.4261
2610.4261
2610.4261
2610.4261
2610.4261
2610.4261
2610.4261
2610.4261
2610.4261
2610.4261
2610.4261
2610.4261
3460.7789
3460.7789
3460.7789
3460.7789
3460.7789
3460.7789
3460.7789
3460.7789
3460.7789
3460.7789
3460.7789
3460.7789
3460.7789
3460.7789
3460.7789
3460.7789
3460.7789
3460.7789
3460.7789
3460.7789
3460.7789
3460.7789
3460.7789
1127.365
1127.365
1127.365
1127.365
1127.365
1127.365
1127.365
1127.365
1127.365
1127.365
1127.365
1127.365
1127.365
1127.365
1127.365
1127.365
1127.365
1127.365
1127.365
1127.365
1127.365
1127.365
1127.365
1127.365
1127.365
1127.365
1127.365
1127.365
1127.365
1127.365
1127.365
806.9107
806.9107
806.9107
806.9107
806.9107
806.9107
806.9107
806.9107
806.9107
806.9107
806.9107
806.9107
806.9107
806.9107
806.9107
806.9107
806.9107
806.9107
806.9107
806.9107
806.9107
806.9107
806.9107
806.9107
806.9107
806.9107
806.9107
806.9107
806.9107
806.9107
806.9107
806.9107
806.9107
806.9107
806.9107
806.9107
806.9107
806.9107
806.9107
806.9107
806.9107
806.9107
806.9107
806.9107
806.9107
806.9107
806.9107
806.9107
806.9107
806.9107
806.9107
806.9107
806.9107
806.9107
806.9107
806.9107
806.9107
806.9107
806.9107
806.9107
806.9107
806.9107
806.9107
806.9107
806.9107
806.9107
806.9107
806.9107
806.9107
806.9107
806.9107
806.9107
806.9107
806.9107
806.9107
806.9107
806.9107
806.9107
806.9107
806.9107
806.9107
806.9107
806.9107
806.9107
806.9107
806.9107
806.9107
806.9107
806.9107
806.9107
806.9107
806.9107
806.9107
806.9107
806.9107
806.9107
806.9107
806.9107
806.9107
806.9107
806.9107
806.9107
806.9107
806.9107
806.9107
806.9107
806.9107
806.9107
806.9107
806.9107
806.9107
90.5367
90.5367
90.5367
90.5367
90.5367
90.5367
90.5367
90.5367
90.5367
90.5367
90.5367
90.5367
90.5367
90.5367
90.5367
90.5367
90.5367
90.5367
90.5367
3997.0566
3997.0566
3997.0566
3997.0566
3997.0566
3997.0566
3997.0566
3997.0566
3997.0566
3997.0566
3997.0566
3997.0566
3997.0566
3997.0566
3997.0566
3997.0566
3997.0566
3997.0566
3997.0566
3997.0566
3997.0566
3997.0566
3997.0566
3997.0566
3997.0566
3997.0566
3997.0566
3997.0566
3997.0566
3997.0566
3997.0566
3997.0566
3997.0566
3997.0566
3997.0566
3997.0566
3997.0566
3997.0566
3997.0566
3997.0566
3997.0566
3997.0566
3997.0566
3997.0566
3997.0566
3997.0566
3997.0566
3997.0566
3997.0566
3997.0566
3997.0566
3997.0566
3997.0566
3997.0566
3997.0566
3997.0566
3997.0566
3997.0566
3997.0566
3997.0566
3997.0566
3997.0566
3997.0566
3997.0566
3997.0566
3997.0566
3997.0566
3997.0566
3997.0566
3997.0566
3997.0566
3997.0566
3997.0566
3997.0566
3997.0566
3997.0566
3997.0566
3997.0566
3997.0566
3997.0566
3997.0566
3997.0566
3997.0566
3997.0566
3997.0566
3997.0566
3997.0566
3997.0566
3997.0566
1753.2145
1753.2145
1753.2145
1753.2145
1753.2145
1753.2145
1753.2145
1753.2145
1753.2145
1753.2145
1753.2145
1753.2145
1753.2145
1753.2145
1753.2145
1753.2145
1753.2145
1753.2145
1753.2145
1753.2145
1753.2145
1753.2145
1753.2145
1753.2145
1753.2145
1753.2145
1753.2145
1753.2145
1753.2145
1753.2145
1753.2145
1753.2145
1753.2145
301.5982
301.5982
301.5982
301.5982
301.5982
301.5982
301.5982
301.5982
301.5982
301.5982
301.5982
301.5982
301.5982
301.5982
301.5982
301.5982
301.5982
301.5982
301.5982
301.5982
301.5982
301.5982
301.5982
301.5982
301.5982
301.5982
301.5982
301.5982
301.5982
301.5982
301.5982
301.5982
301.5982
301.5982
644.9311
301.134
487.4199
231.0807
4564.2113
1.7424
3704.1801
3704.1801
3704.1801
3704.1801
3704.1801
1379.1066
1379.1066
1493.9759
466.7799
466.7799
466.7799
466.7799
466.7799
466.7799
466.7799
5365.4539
5365.4539
5365.4539
5365.4539
5365.4539
5365.4539
5365.4539
5365.4539
5365.4539
5365.4539
5365.4539
5365.4539
787.7305
787.7305
787.7305
787.7305
787.7305
2107.5329
2107.5329
2107.5329
2107.5329
2107.5329
487.4199
487.4199
487.4199
487.4199
301.5982
301.5982
301.5982
4160.19
3314.231
3314.231
3314.231
3314.231
999.8755
999.8755
999.8755
104.9081
104.9081
104.9081
104.9081
104.9081
6553.4625
6553.4625
725.7375
725.7375
725.7375
725.7375
725.7375
725.7375
725.7375
1489.1052
1040.2444
1040.2444
1040.2444
1040.2444
1040.2444
1040.2444
1040.2444
1040.2444
1040.2444
1040.2444
1040.2444
1040.2444
1040.2444
1040.2444
1040.2444
1040.2444
1040.2444
1040.2444
1040.2444
1040.2444
1040.2444
1040.2444
1040.2444
1040.2444
1040.2444
1040.2444
1040.2444
1040.2444
1040.2444
1040.2444
1040.2444
1040.2444
1040.2444
1040.2444
1040.2444
1040.2444
1040.2444
1040.2444
1040.2444
1040.2444
1040.2444
1040.2444
1040.2444
1040.2444
1040.2444
1040.2444
1040.2444
1040.2444
1040.2444
1040.2444
1040.2444
1040.2444
1040.2444
1040.2444
1040.2444
3596.481
727.1632
727.1632
921.4058
921.4058
921.4058
921.4058
68.5431
3997.0566
3997.0566
3997.0566
3997.0566
3997.0566
3997.0566
43.5117
43.5117
43.5117
43.5117
43.5117
43.5117
43.5117
301.5982
3545.0444
83.6844
806.9107
6296.4818
6296.4818
6296.4818
6296.4818
6296.4818
6296.4818
6296.4818
6296.4818
6296.4818
6296.4818
6296.4818
20938.8592
20938.8592
353.9323
1379.1066
1379.1066
4061.3025
80612.6313
80612.6313
6047.0238
326.7191
2409.7149
2409.7149
2409.7149
2409.7149
2409.7149
11491.0566
5081.3313
5081.3313
1491.6764
922.9968
922.9968
922.9968
922.9968
1678.9741
1678.9741
1678.9741
959.0115
959.0115
817.2075
96.8419
96.8419
96.8419
96.8419
1156.595
1156.595
1156.595
1156.595
1156.595
1156.595
1156.595
20688.3335
20688.3335
20688.3335
20688.3335
16210.2888
16210.2888
16210.2888
65.8553
65.8553
2138.112
2138.112
755.6763
449.0608
449.0608
449.0608
449.0608
449.0608
449.0608
609.8393
609.8393
609.8393
146.3184
146.3184
87.1366
618.6877
377.347
377.347
571.1179
571.1179
378.8249
4564.2113
1470.3426
1470.3426
1470.3426
1470.3426
1470.3426
1470.3426
405.6239
1592.8111
1592.8111
1592.8111
1592.8111
1592.8111
1592.8111
1592.8111
1592.8111
1592.8111
1592.8111
1592.8111
1592.8111
1592.8111
1592.8111
1592.8111
1592.8111
1592.8111
1592.8111
1592.8111
425.4608
425.4608
425.4608
425.4608
425.4608
252.9369
9025.1366
9025.1366
9025.1366
9025.1366
9025.1366
853.3425
853.3425
888.1703
618.6877
618.6877
1657.8191
1657.8191
2376.2547
124.8983
874.1203
56.0939
1379.1066
1379.1066
1379.1066
1379.1066
634.7289
634.7289
634.7289
634.7289
1127.365
1127.365
1127.365
1127.365
1127.365
1127.365
1127.365
819.8804
819.8804
819.8804
819.8804
819.8804
2902.4004
135.3014
135.3014
135.3014
135.3014
135.3014
135.3014
135.3014
135.3014
135.3014
135.3014
135.3014
135.3014
135.3014
135.3014
135.3014
135.3014
135.3014
135.3014
135.3014
135.3014
135.3014
135.3014
135.3014
135.3014
135.3014
135.3014
135.3014
135.3014
135.3014
135.3014
135.3014
135.3014
135.3014
135.3014
135.3014
135.3014
135.3014
135.3014
135.3014
135.3014
135.3014
1753.2145
528.0183
227.939
227.939
286.3046
0.8914
0.8914
2376.2547
2718.1141
2718.1141
2718.1141
2718.1141
2718.1141
19.056
19.056
353.3876
353.3876
353.3876
353.3876
353.3876
353.3876
353.3876
353.3876
353.3876
353.3876
353.3876
353.3876
353.3876
353.3876
353.3876
353.3876
353.3876
353.3876
353.3876
353.3876
353.3876
353.3876
353.3876
353.3876
353.3876
353.3876
353.3876
353.3876
353.3876
353.3876
353.3876
353.3876
353.3876
408.7772
408.7772
408.7772
408.7772
408.7772
408.7772
408.7772
408.7772
408.7772
408.7772
408.7772
408.7772
408.7772
408.7772
408.7772
408.7772
408.7772
408.7772
11491.0566
11491.0566
11491.0566
11491.0566
11491.0566
11491.0566
11491.0566
11491.0566
11491.0566
11491.0566
3590.2816
3590.2816
3590.2816
3590.2816
3590.2816
3590.2816
3590.2816
3590.2816
3590.2816
3590.2816
3590.2816
3590.2816
3590.2816
3590.2816
3590.2816
3590.2816
3590.2816
3590.2816
3590.2816
3590.2816
3590.2816
3590.2816
3590.2816
3590.2816
3590.2816
3590.2816
3590.2816
3590.2816
3590.2816
3590.2816
3590.2816
3590.2816
3590.2816
3590.2816
3590.2816
3590.2816
3590.2816
3590.2816
3590.2816
3590.2816
3590.2816
3590.2816
3590.2816
3590.2816
3590.2816
3590.2816
3590.2816
3590.2816
3590.2816
3590.2816
3590.2816
3590.2816
3590.2816
3590.2816
3590.2816
3590.2816
3590.2816
3590.2816
3590.2816
3590.2816
3590.2816
3590.2816
3590.2816
3590.2816
3590.2816
3590.2816
3590.2816
3590.2816
3590.2816
3590.2816
3590.2816
3590.2816
3590.2816
3590.2816
3590.2816
3590.2816
3590.2816
3590.2816
3590.2816
3590.2816
3590.2816
3590.2816
3590.2816
3590.2816
3590.2816
3590.2816
3590.2816
3590.2816
3590.2816
3590.2816
3590.2816
3590.2816
3590.2816
3590.2816
3590.2816
3590.2816
3590.2816
3590.2816
3590.2816
3590.2816
3590.2816
3590.2816
3590.2816
3590.2816
3590.2816
3590.2816
3590.2816
3590.2816
3590.2816
3590.2816
3590.2816
3590.2816
2611.5287
1684.4658
18542.3787
3689.7297
40.7489
1549.8806
1549.8806
669.0645
1896.321
1379.1066
1379.1066
642.8285
14608.2161
909.7962
755.6763
540.8748
1376.984
4952.9133
4952.9133
618.6877
922.9968
1223.1486
715.6602
353.3876
28.4169
28.4169
1040.6838
285.1877
618.6877
495.4364
0.1742
70.3202
1040.6838
1491.6764
1491.6764
1491.6764
1491.6764
888.1703
2574.1789
2574.1789
2574.1789
549.5685
549.5685
549.5685
549.5685
549.5685
549.5685
1684.4658
506.5323
1252.9307
278.4088
2319.7712
2319.7712
15181.025
15181.025
1945.4883
238.7926
744.8687
1554.9501
726.044
106.5943
414.7083
414.7083
414.7083
1973.7162
1973.7162
339.5302
4055.0515
65.9568
246.9246
852.0291
63.3705
45.2876
902.778
398.4464
186.6183
460.8985
40.8118
1357.2905
0.0015
1125.4217
274.0047
274.0047
274.0047
274.0047
274.0047
274.0047
274.0047
274.0047
274.0047
274.0047
274.0047
274.0047
274.0047
274.0047
274.0047
274.0047
274.0047
274.0047
274.0047
274.0047
4392.807
1325.0277
367.1765
367.1765
4960.5484
33.362
726.044
9393.483
14013.782
17.7408
682.2929
1753.2145
87.271
257.0025
12956.2278
7.8854
526.983
526.983
76.1774
2679.2398
2902.4004
2902.4004
2902.4004
2902.4004
726.044
353.9323
1530.3523
202.1623
11770.849
786.5181
301.5982
11453.5932
6306.188
6306.188
6306.188
7389.0641
449.2504
1795.9031
169.5444
16.3696
93.4089
362.5501
120.0007
1.3699
45.9252
536.7025
191.9109
715.6602
27394.9383
27394.9383
11023.4652
210.0893
698.649
256.6069
256.6069
10591.2023
618.6877
5821.3159
5821.3159
5821.3159
5821.3159
5821.3159
5821.3159
5821.3159
176.4641
519.6655
6296.4818
1530.3523
2024.8903
2024.8903
224.3332
660.6343
1976.7588
60.7661
2829.0495
21448.6935
1491.6764
25.6682
25.6682
25.6682
726.044
3840.3201
1025.8
1025.8
1025.8
2509.1229
301.5982
301.5982
786.5181
4506.7026
33.0136
1175.1853
10030.3551
30.3564
109.1898
267.4916
0.0005
531.4693
531.4693
531.4693
321.5507
2054.2703
1376.4026
1376.4026
1376.4026
1376.4026
73.1903
73.1903
73.1903
73.1903
246.5446
924.4196
3144.1487
3144.1487
3144.1487
3144.1487
3144.1487
3144.1487
924.4196
4579.1403
5.5752
7990.7202
5163.0052
644.9311
644.9311
644.9311
644.9311
644.9311
644.9311
644.9311
3840.3201
3689.7297
0.004
817.2075
4392.807
960.6674
2512.9908
2512.9908
755.6763
1615.9219
1615.9219
1615.9219
30.7438
1824.7692
3319.9537
3319.9537
313.4243
313.4243
313.4243
660.6343
660.6343
660.6343
660.6343
660.6343
660.6343
166.5961
166.5961
166.5961
7099.3169
1127.365
348.3335
348.3335
348.3335
348.3335
348.3335
348.3335
348.3335
348.3335
348.3335
348.3335
348.3335
348.3335
348.3335
348.3335
348.3335
348.3335
348.3335
1869.1999
4572.0923
1821.9606
2225.3756
65.8553
6.4033
367.8105
698.649
7690.6368
1613.1365
1613.1365
11473.3701
11473.3701
11473.3701
6.7454
6.7454
47.8935
47.8935
977.9726
289.3257
38.5911
617.6212
617.6212
839.8435
378.8249
819.8804
399.0606
59.4601
59.4601
2913.7673
20.6432
9393.483
9393.483
2319.7712
960.6674
960.6674
594.4271
2944.5126
