68
320
320
320
157
157
157
157
157
157
157
157
157
450
450
450
450
450
450
450
305
305
305
305
888
888
888
631
631
631
631
401
401
866
866
866
79
79
79
79
79
79
79
79
79
79
79
79
79
79
79
79
79
79
79
79
79
79
79
79
79
79
79
79
79
79
79
79
79
79
79
79
79
79
79
79
79
79
79
79
79
79
79
79
79
79
79
79
79
79
79
79
79
79
79
79
79
79
79
79
79
79
79
79
79
79
79
79
79
79
79
398
398
1050
892
892
892
892
215
215
215
215
188
188
188
188
188
188
188
188
188
188
188
188
188
188
522
522
877
877
480
126
184
184
239
239
157
578
363
363
273
174
174
174
244
467
467
467
467
479
479
479
479
479
479
479
479
397
591
591
514
514
514
514
514
514
514
514
514
514
514
514
514
514
272
272
272
272
140
140
140
140
140
140
140
140
140
140
140
140
140
140
140
140
140
140
140
461
461
461
461
461
461
461
461
461
461
461
461
461
461
80
80
80
80
80
80
80
80
80
157
157
157
157
157
157
157
157
157
157
157
157
157
157
157
157
157
157
157
157
157
157
157
157
157
157
288
288
288
288
288
288
288
288
288
288
288
288
288
178
178
178
178
178
178
178
178
178
178
178
178
178
178
178
178
127
127
127
275
157
159
480
539
608
608
608
608
608
106
98
98
221
1074
327
327
759
208
208
107
425
425
425
228
228
228
276
458
167
233
134
211
211
211
170
170
170
170
170
170
71
71
71
71
71
71
71
71
71
71
71
71
71
71
71
71
71
71
71
71
71
71
71
71
71
71
71
71
71
71
71
70
70
70
70
70
70
70
70
70
70
70
70
70
70
70
70
70
75
70
70
70
70
70
70
70
70
70
70
70
70
70
70
70
70
70
70
70
70
70
70
70
70
70
70
70
70
70
70
70
70
70
70
70
70
70
70
70
70
70
70
70
70
70
70
70
70
70
70
70
70
70
70
62
62
107
523
380
316
316
316
316
316
316
316
316
316
664
664
664
664
664
664
205
205
205
205
205
110
110
110
110
110
110
110
110
110
297
297
297
297
297
297
274
462
342
404
433
357
429
429
293
274
275
275
194
186
186
429
429
429
429
429
434
365
307
630
630
630
221
170
170
170
475
441
441
441
441
441
441
441
441
441
441
441
441
441
441
408
408
408
408
408
408
408
408
408
408
408
408
408
408
408
260
260
260
260
260
260
260
260
260
260
260
260
260
260
260
260
260
260
260
260
260
260
260
260
260
260
260
240
240
240
240
240
240
240
240
240
240
240
240
240
240
240
240
240
240
240
491
357
211
82
87
152
152
152
152
152
152
152
152
152
468
472
1161
582
377
639
639
367
644
168
209
209
237
146
322
322
322
152
621
49
163
214
189
189
189
189
189
189
189
102
433
433
433
433
433
433
433
433
433
433
433
433
433
433
420
340
340
340
340
302
245
142
173
173
173
173
173
173
173
173
173
173
173
173
407
407
407
407
407
407
407
407
407
407
407
407
407
407
310
310
310
310
310
310
414
414
414
414
414
414
414
414
414
414
245
245
245
245
245
245
245
245
245
245
245
318
318
318
318
263
263
263
263
216
152
152
152
152
447
360
360
360
360
360
360
360
360
360
360
360
360
360
360
360
360
360
333
310
310
310
301
301
301
301
301
301
212
212
212
112
112
454
454
99
99
99
99
207
271
271
271
271
271
150
177
177
174
1040
316
251
160
123
423
289
223
283
121
603
245
234
234
370
278
92
186
186
186
186
186
186
186
186
186
186
186
335
421
104
223
645
645
645
645
589
122
320
277
353
498
384
384
384
549
549
149
149
149
705
705
705
705
705
705
705
705
705
705
705
705
705
705
705
705
705
705
705
705
705
705
705
705
705
705
705
705
705
705
705
705
705
705
705
705
705
705
705
705
705
705
705
705
705
705
705
705
705
705
705
705
705
705
705
705
705
705
705
705
705
705
705
705
705
705
705
705
705
705
705
705
705
705
705
339
298
298
383
347
465
349
303
303
332
332
332
332
332
332
332
332
332
332
332
332
332
332
332
332
332
285
285
285
285
285
130
130
130
958
365
368
322
446
446
610
610
457
457
470
113
249
555
555
136
543
420
397
502
502
502
502
502
502
502
502
502
502
282
282
282
282
503
503
503
503
503
503
503
503
503
503
503
503
503
359
359
359
359
359
359
359
359
359
359
359
453
453
453
453
453
453
453
453
337
428
428
428
472
472
418
418
418
304
304
304
690
690
690
690
208
469
469
469
469
58
58
192
451
253
251
251
251
251
251
495
340
340
153
159
159
549
549
549
549
98
98
98
98
198
198
84
84
84
519
435
526
526
526
489
489
348
876
876
876
805
805
325
314
355
427
394
399
969
335
335
420
420
420
427
427
103
103
103
103
103
73
120
425
425
138
138
138
138
138
138
52
344
148
138
179
179
617
617
172
172
530
293
134
444
177
625
294
207
91
91
91
91
91
91
91
91
91
91
91
91
91
91
91
91
91
91
91
91
91
91
91
91
91
91
91
91
91
91
417
417
417
100
100
100
100
95
95
95
95
939
939
33
785
73
73
73
73
73
73
891
891
891
891
891
891
891
891
108
108
108
108
108
163
405
405
405
129
129
129
129
300
324
237
284
160
373
317
254
33
158
727
399
399
264
285
249
189
433
433
274
447
600
600
325
325
861
861
203
672
322
397
552
259
204
785
193
475
475
475
475
475
475
475
475
475
475
79
79
79
79
79
79
79
79
79
79
79
79
79
79
79
79
79
79
79
79
79
79
79
79
79
79
79
79
79
79
79
79
79
79
79
79
79
79
79
79
79
79
79
79
79
79
79
79
79
79
79
79
79
79
79
79
79
79
79
79
79
79
79
79
79
79
79
79
79
79
79
79
79
79
79
79
79
79
79
79
79
79
79
79
79
79
79
79
79
79
79
79
79
79
79
79
79
79
79
79
79
79
79
79
79
79
79
79
79
263
263
263
383
306
306
306
306
342
342
342
342
329
165
172
172
490
506
506
506
506
506
506
184
760
397
902
324
324
267
287
265
265
128
313
313
313
313
313
313
313
512
848
286
321
678
106
385
344
272
507
507
333
333
333
333
333
333
337
153
899
317
317
317
475
232
271
271
89
89
148
148
249
249
249
453
162
82
196
458
177
314
153
348
348
348
368
370
583
137
125
1487
226
441
420
420
343
492
439
496
453
356
286
616
383
267
407
649
298
298
298
298
298
298
230
230
230
292
292
497
497
216
144
144
144
144
241
282
380
295
295
295
295
295
366
366
366
366
762
377
151
151
148
148
148
148
221
221
221
221
221
597
597
597
597
597
167
167
167
167
167
167
446
446
446
446
446
909
909
909
909
909
326
326
326
181
181
181
181
185
185
185
185
101
101
614
614
614
510
510
486
486
401
401
419
419
419
496
496
496
496
496
140
140
140
182
182
182
182
182
182
391
391
347
347
347
347
347
347
347
347
347
347
347
347
347
347
347
347
347
347
347
347
347
347
347
347
347
347
347
347
347
347
347
347
347
347
347
347
347
347
347
347
368
368
368
368
368
368
368
368
368
368
368
368
368
368
368
368
368
368
368
368
368
368
368
368
368
368
368
368
368
368
368
368
368
368
368
368
368
368
368
368
368
368
368
368
368
368
368
363
363
363
363
363
363
363
240
318
172
172
172
172
172
172
172
172
172
172
172
172
172
172
172
544
544
113
202
306
174
174
174
174
174
174
174
174
174
265
284
127
753
631
541
541
541
209
330
379
244
284
504
428
486
871
442
444
321
321
761
761
761
761
550
550
388
388
388
388
388
388
388
388
388
388
388
388
388
388
388
388
547
547
15
328
328
796
796
242
500
808
357
357
357
89
214
712
712
712
712
712
511
463
379
276
265
349
349
177
177
177
177
177
177
177
177
177
177
177
177
177
191
165
165
165
94
624
624
683
683
361
366
366
366
366
530
530
105
105
105
105
105
105
105
105
105
105
105
105
105
105
105
105
105
105
105
105
105
105
105
105
105
105
105
105
294
311
418
368
233
233
233
233
233
573
573
573
401
331
323
223
105
452
258
715
715
195
478
86
86
86
86
86
86
576
576
576
576
164
433
433
433
457
238
342
1321
186
481
471
471
471
546
546
546
546
242
242
242
357
134
134
134
502
502
502
502
297
297
297
297
297
297
297
297
297
297
297
297
297
297
297
297
322
322
322
322
322
140
140
140
140
140
140
140
140
140
140
140
140
140
140
140
140
310
310
310
310
331
217
304
354
354
354
358
578
202
202
270
270
270
270
320
311
311
478
349
294
294
362
362
186
300
300
416
377
225
377
356
294
422
422
420
420
420
420
420
34
34
34
34
34
34
218
368
214
214
214
314
312
149
183
183
183
183
183
183
183
183
183
183
183
183
183
183
183
183
183
183
183
183
183
183
183
183
183
183
183
183
183
183
183
183
183
183
183
183
183
183
183
244
363
194
194
220
292
320
327
645
227
1062
490
199
137
120
120
120
120
814
226
239
220
220
235
235
235
235
235
235
235
235
235
235
235
235
235
235
235
235
235
235
235
235
235
235
235
235
235
235
235
235
235
235
235
235
235
235
235
235
235
235
235
235
235
235
235
235
235
235
235
235
235
235
235
235
235
235
235
235
235
235
235
235
235
235
235
235
235
235
235
235
235
235
235
235
235
235
235
235
235
235
235
235
235
274
274
274
274
274
274
274
274
274
274
274
274
274
274
274
274
274
274
274
274
274
274
274
274
274
274
274
274
274
274
274
274
274
274
274
274
274
274
274
274
274
274
274
274
274
274
274
274
274
274
274
274
274
274
274
274
274
274
274
274
274
274
210
210
210
210
210
210
210
210
210
210
210
210
210
210
210
210
210
210
210
210
210
210
210
210
210
210
210
210
210
210
210
210
210
210
210
210
210
210
210
210
210
210
210
210
210
210
210
210
210
210
210
210
210
210
210
210
210
210
210
210
210
210
210
210
210
210
210
210
210
210
210
210
210
210
210
202
202
202
202
202
202
202
202
202
202
202
202
202
202
202
202
202
202
202
202
202
202
202
202
202
202
202
202
202
202
202
202
202
202
202
202
202
202
202
202
202
202
202
202
202
202
202
202
202
202
202
202
202
202
202
202
202
202
202
202
202
202
202
202
202
202
202
202
202
202
202
202
202
202
202
202
202
202
202
202
202
202
202
180
180
180
180
180
180
180
180
180
180
180
180
180
180
180
180
180
180
180
180
180
180
180
180
180
180
180
180
180
180
180
180
180
180
180
180
180
180
180
180
180
180
180
180
180
180
180
180
180
180
180
180
180
180
180
180
180
180
180
180
180
180
180
180
180
180
180
180
180
180
180
180
180
180
180
180
180
178
178
178
178
178
178
178
178
178
178
178
178
178
178
178
178
178
178
178
178
178
178
178
178
178
178
178
178
178
178
178
178
178
178
178
178
178
178
178
178
178
178
178
178
178
178
178
178
178
178
178
178
178
178
178
178
178
178
178
178
178
178
178
178
178
178
178
178
178
178
178
178
178
178
178
178
178
178
150
150
150
150
150
150
150
150
150
150
150
150
150
150
150
150
150
150
150
150
150
150
150
150
150
150
150
150
166
166
166
166
166
166
166
166
166
166
166
166
166
166
166
166
166
166
166
166
166
166
166
166
166
166
166
166
166
166
166
166
166
166
166
166
166
166
166
166
166
166
166
166
166
166
166
166
166
166
166
166
166
166
166
166
166
166
166
166
166
166
166
166
166
166
166
166
166
166
166
166
166
166
166
166
166
166
166
166
166
166
166
166
166
166
166
166
166
166
166
166
166
166
166
166
166
166
166
166
166
166
166
166
166
166
166
166
166
166
166
143
143
143
143
143
143
143
143
143
143
143
143
143
143
143
143
143
143
143
143
143
143
143
143
143
143
143
143
143
143
143
143
143
143
143
143
143
143
143
143
143
143
143
143
143
143
143
143
143
143
143
143
143
143
143
143
143
143
143
143
143
122
122
122
122
122
122
122
122
122
122
122
122
122
122
122
122
122
122
122
122
122
122
122
122
122
122
122
122
122
122
122
122
122
122
122
122
122
122
122
122
122
122
122
122
122
122
122
122
122
122
122
122
122
122
122
122
122
122
122
122
122
122
122
122
122
122
122
122
122
122
122
122
122
122
122
122
122
122
122
122
122
122
122
122
122
122
122
122
122
122
122
122
122
122
122
122
122
122
122
122
122
122
122
122
122
122
122
122
122
122
122
122
122
122
122
122
122
122
122
122
122
122
122
122
122
122
122
122
122
122
122
122
122
122
122
122
122
122
122
122
122
122
122
122
122
122
122
122
122
122
122
122
122
122
122
122
122
122
122
122
122
122
122
122
122
143
143
143
143
143
143
143
143
143
143
143
143
143
143
143
143
143
143
143
143
143
143
143
143
143
143
143
143
143
143
143
143
143
143
143
143
143
143
143
143
143
143
143
143
143
143
124
124
124
124
124
124
124
124
124
124
124
124
124
124
124
124
124
124
124
124
124
124
124
124
124
124
124
124
124
124
124
124
124
124
124
124
124
124
124
124
124
124
124
124
124
124
124
124
124
124
124
124
124
124
124
124
124
124
124
124
124
124
124
124
124
124
124
124
124
124
124
124
124
124
124
124
124
124
124
124
124
124
124
124
124
124
124
145
145
145
145
145
145
145
145
145
145
145
145
145
145
145
145
145
145
145
145
145
145
145
145
145
145
145
145
145
145
145
145
145
145
145
145
145
145
145
145
145
145
145
145
145
145
145
145
145
145
145
145
145
145
145
145
145
145
145
145
145
145
145
145
145
145
145
145
145
145
145
145
145
145
145
145
145
145
145
145
145
145
145
145
145
145
145
145
145
145
145
145
145
137
137
137
137
137
137
137
137
137
137
137
137
137
137
137
137
137
137
137
137
137
137
137
137
137
137
137
137
137
137
137
137
137
137
137
137
137
137
137
137
137
137
137
137
137
137
137
137
137
137
137
137
137
137
137
137
137
137
137
137
137
137
137
137
137
137
137
137
137
137
137
137
137
137
137
137
137
137
137
137
137
137
137
137
137
137
137
128
128
128
128
128
128
128
128
128
128
128
128
128
128
128
128
128
128
128
128
128
128
128
128
128
128
128
128
128
128
128
128
128
128
128
128
128
128
128
128
128
128
128
128
128
128
128
128
128
128
128
128
128
128
128
128
128
128
128
128
128
128
128
128
128
128
128
128
128
118
118
118
118
118
118
118
118
118
118
118
118
118
118
118
118
118
118
118
118
118
118
118
118
118
118
118
118
118
118
118
118
118
118
118
118
118
118
118
118
118
118
118
118
118
118
118
118
118
118
118
118
118
118
118
118
118
118
118
118
118
118
118
118
118
118
118
118
118
118
118
118
118
118
118
118
116
116
116
116
116
116
116
116
116
116
116
116
116
116
116
116
116
116
116
116
116
116
116
116
116
116
116
116
116
116
116
116
116
116
116
116
116
116
119
119
119
119
119
119
119
119
119
119
119
119
119
119
119
119
119
119
119
119
119
119
119
119
119
119
119
119
119
119
119
119
119
119
119
119
119
119
119
119
119
119
119
119
119
119
119
119
119
119
119
119
104
104
104
104
104
104
104
104
104
104
104
104
104
104
104
104
104
104
104
104
104
104
104
104
104
104
104
104
104
104
104
104
104
104
104
104
104
104
104
104
104
104
104
104
104
104
104
104
104
104
104
104
104
104
104
111
111
111
111
111
111
111
111
111
111
111
111
111
111
111
111
111
111
111
111
111
111
111
111
111
111
111
111
111
111
111
111
111
111
111
111
111
111
111
111
111
111
111
111
111
111
111
111
111
111
111
111
111
111
111
111
111
111
111
111
111
111
111
111
111
111
111
111
111
111
111
111
111
111
111
111
111
111
111
111
111
101
101
101
101
101
101
101
101
101
101
101
101
101
101
101
101
101
101
101
101
101
101
101
101
101
101
101
101
101
101
101
101
101
101
101
101
101
101
101
101
101
101
101
101
101
101
101
101
101
101
101
101
101
101
101
101
101
101
101
101
101
101
101
101
101
101
101
101
101
101
101
101
101
101
101
101
101
101
101
101
101
101
101
101
101
101
101
101
101
101
101
101
101
101
101
101
101
105
105
105
105
105
105
105
105
105
105
105
105
105
105
105
105
105
105
105
105
105
105
105
105
105
105
105
105
105
105
105
105
105
105
105
105
105
105
105
105
105
105
105
105
105
105
105
105
105
105
105
105
105
105
105
105
105
105
105
105
105
105
105
105
105
105
105
105
105
105
105
105
105
105
105
105
105
105
105
105
105
105
105
105
105
105
105
105
105
105
105
105
105
105
105
105
105
105
105
105
105
105
105
105
105
105
105
105
105
95
95
95
95
95
95
95
95
95
95
95
95
95
95
95
95
95
95
95
95
95
86
86
86
86
86
86
86
86
86
86
86
86
86
86
86
86
86
86
86
86
86
86
86
86
86
86
86
86
86
86
79
79
79
79
79
79
79
79
79
79
79
79
79
79
79
79
79
79
79
79
79
79
79
79
79
79
79
79
79
79
79
79
79
79
79
64
64
64
64
64
64
64
64
64
64
64
64
64
64
64
64
64
64
64
64
64
64
64
64
64
64
64
64
64
64
64
64
64
64
64
64
64
64
64
64
64
64
64
64
64
64
64
64
64
64
64
64
64
64
64
64
64
64
64
64
64
64
64
64
64
64
64
64
64
64
64
64
64
64
64
64
64
64
64
64
64
64
64
64
64
64
64
64
64
64
64
64
64
64
64
60
60
60
60
60
60
60
60
60
60
60
60
60
60
60
60
60
60
60
60
60
60
60
60
60
60
60
60
60
60
60
60
60
60
60
60
60
60
60
60
60
60
60
60
60
60
60
60
60
60
60
60
60
60
60
60
71
71
71
71
71
71
71
71
71
71
71
71
71
71
58
58
58
58
58
58
58
58
58
58
58
58
58
58
58
58
58
58
58
58
58
58
58
56
56
56
56
56
56
56
56
56
56
56
56
56
56
56
56
56
56
56
56
56
56
56
56
56
56
56
56
56
56
56
56
56
56
56
56
56
56
47
47
47
47
47
47
47
47
47
47
47
47
47
47
47
47
47
66
66
66
66
66
66
66
66
66
66
66
66
66
66
66
66
66
66
66
66
66
66
66
66
66
66
66
66
66
66
66
66
66
66
66
66
66
39
39
39
39
39
39
39
39
39
39
39
39
39
39
39
39
39
39
39
39
39
39
39
39
39
39
39
39
39
39
39
39
39
39
39
39
39
39
39
39
39
39
39
39
39
39
39
39
39
39
39
39
39
39
39
39
39
39
330
330
330
330
330
330
330
330
330
330
330
330
330
330
330
330
330
330
330
330
330
330
330
330
330
330
330
330
330
330
330
330
330
330
330
330
330
330
330
330
330
330
330
330
330
330
330
330
330
330
330
330
330
330
330
330
330
330
330
330
330
330
330
330
330
330
330
330
330
330
1343
1343
1343
1343
1343
1343
1343
1343
1343
1343
1343
1343
1408
1408
1408
1408
1408
1408
1408
1408
1408
1408
1408
1408
614
614
614
192
285
285
285
478
331
331
92
92
92
92
92
558
558
558
558
558
558
558
558
558
558
558
558
558
558
558
558
558
558
558
558
558
558
558
558
558
558
558
558
558
558
558
558
558
558
558
558
558
558
558
558
558
558
558
558
558
558
558
558
558
558
558
558
558
558
558
558
558
558
558
558
558
558
558
558
242
242
242
242
242
242
242
242
242
242
242
242
242
242
242
242
242
242
242
242
242
242
242
242
242
242
242
242
242
242
242
242
242
242
242
242
242
242
242
242
242
234
234
234
234
234
234
234
234
234
234
234
234
234
234
234
234
234
234
234
234
234
234
234
234
234
234
234
234
234
234
234
234
234
234
234
234
234
234
234
234
234
234
234
234
234
234
234
234
234
234
234
234
234
234
234
234
234
234
234
234
234
234
234
234
234
234
234
234
234
234
234
234
234
234
207
207
207
207
207
207
207
207
207
207
207
207
207
207
207
207
207
207
207
207
207
207
207
207
207
207
207
207
207
207
207
207
207
207
207
207
207
207
207
207
207
207
207
207
207
207
207
207
207
207
207
207
207
207
207
207
207
207
207
207
207
207
207
207
207
207
207
207
207
207
207
207
207
207
207
207
207
207
207
207
207
207
207
207
207
207
207
168
168
168
168
168
168
168
168
168
168
168
168
168
168
168
168
168
168
168
168
168
168
168
168
168
168
168
168
168
168
168
168
168
168
168
168
168
168
168
168
168
168
168
168
168
168
168
168
168
168
168
168
168
168
168
168
168
168
168
168
168
168
168
168
132
132
132
132
132
132
132
132
132
132
132
132
132
132
132
132
132
132
132
132
132
132
132
132
132
132
132
132
132
132
180
180
180
180
180
180
180
180
180
180
180
180
180
180
180
180
180
180
180
180
180
180
180
180
180
180
180
180
180
180
180
180
180
180
180
180
180
180
180
180
180
180
180
180
180
180
180
180
180
180
180
180
180
180
180
131
131
131
131
131
131
131
131
131
131
131
131
131
131
131
131
131
131
131
131
131
131
131
131
131
131
131
131
131
131
131
131
131
131
131
131
131
131
131
131
131
131
131
131
131
131
131
131
131
131
131
131
131
131
131
131
131
131
131
131
131
131
131
131
131
131
131
131
131
131
131
131
131
131
131
131
131
131
131
131
131
131
131
131
131
131
131
131
131
131
131
131
131
131
131
131
104
104
104
104
104
104
104
104
104
104
104
104
104
104
104
104
104
104
104
104
104
104
104
104
104
104
104
104
104
104
104
104
104
104
104
104
104
104
104
104
104
104
104
104
104
104
104
104
104
104
104
130
130
130
130
130
130
130
130
130
130
130
130
130
130
130
130
130
130
130
130
130
130
130
130
130
130
130
130
130
130
130
130
130
130
130
130
130
130
130
130
130
130
130
130
130
130
130
130
125
125
125
125
125
125
125
125
125
125
125
125
125
125
125
125
125
125
125
125
125
125
125
125
125
125
125
125
125
125
125
125
125
125
125
125
125
125
125
125
125
125
119
119
119
119
119
119
119
119
119
119
119
119
119
119
119
119
119
119
119
119
119
119
119
119
119
119
119
119
119
119
119
119
119
119
119
119
119
119
119
119
119
119
119
119
119
119
119
119
119
119
119
119
119
119
119
119
119
119
119
119
119
119
119
119
119
119
119
102
102
102
102
102
102
102
102
102
102
102
102
102
102
102
102
102
102
102
102
102
102
102
102
102
102
102
102
102
102
102
102
102
102
102
102
102
102
102
102
102
102
102
102
102
102
102
102
102
102
102
102
102
102
102
102
102
102
102
102
102
102
102
102
102
102
102
102
102
102
102
102
90
90
90
90
90
90
90
90
90
90
90
90
90
90
90
90
90
90
90
90
90
90
90
83
83
83
83
83
83
83
83
83
83
83
83
83
83
83
83
83
83
83
83
83
83
83
83
83
83
83
83
83
83
83
85
85
85
85
85
85
85
85
85
85
85
85
85
85
85
85
85
85
85
85
85
85
85
85
85
85
85
85
85
85
85
85
85
85
85
85
85
85
85
85
85
85
85
85
85
85
85
85
85
85
85
85
85
85
85
85
85
85
85
85
85
85
85
85
85
85
85
85
85
85
85
85
85
85
85
85
85
85
85
85
85
85
85
85
85
85
85
85
85
85
85
85
85
85
85
85
85
85
85
85
85
85
85
85
85
85
85
85
85
85
85
76
76
76
76
76
76
76
76
76
76
76
76
76
76
76
76
76
76
76
93
93
93
93
93
93
93
93
93
93
93
93
93
93
93
93
93
93
93
93
93
93
93
93
93
93
93
93
93
93
93
93
93
93
93
93
93
93
93
93
93
93
93
93
93
93
93
93
93
93
93
93
93
93
93
93
93
93
93
93
93
93
93
93
93
93
93
93
93
93
93
93
93
93
93
93
93
93
93
93
93
93
93
93
93
93
93
93
93
88
88
88
88
88
88
88
88
88
88
88
88
88
88
88
88
88
88
88
88
88
88
88
88
88
88
88
88
88
88
88
88
88
72
72
72
72
72
72
72
72
72
72
72
72
72
72
72
72
72
72
72
72
72
72
72
72
72
72
72
72
72
72
72
72
72
72
162
210
217
319
351
430
121
121
121
121
121
174
174
455
456
456
456
456
456
456
456
430
430
430
430
430
430
430
430
430
430
430
430
589
589
589
589
589
239
239
239
239
239
130
130
130
130
116
116
116
902
156
156
156
156
616
616
616
128
128
128
128
128
324
324
111
111
111
111
111
111
111
171
444
444
444
444
444
444
444
444
444
444
444
444
444
444
444
444
444
444
444
444
444
444
444
444
444
444
444
444
444
444
444
444
444
444
444
444
444
444
444
444
444
444
444
444
444
444
444
444
444
444
444
444
444
444
444
348
182
182
431
431
431
431
162
156
156
156
156
156
156
197
197
197
197
197
197
197
73
158
114
161
207
207
207
207
207
207
207
207
207
207
207
194
194
350
659
659
307
265
265
289
705
189
189
189
189
189
445
179
179
259
213
213
213
213
166
166
166
467
467
135
934
934
934
934
406
406
406
406
406
406
406
389
389
389
389
290
290
290
268
268
429
429
254
318
318
318
318
318
318
90
90
90
172
172
259
68
342
342
376
376
483
22
643
643
643
643
643
643
265
433
433
433
433
433
433
433
433
433
433
433
433
433
433
433
433
433
433
433
664
664
664
664
664
482
472
472
472
472
472
25
25
422
431
431
494
494
231
143
866
654
256
256
256
256
169
169
169
169
474
474
474
474
474
474
474
552
552
552
552
552
367
256
256
256
256
256
256
256
256
256
256
256
256
256
256
256
256
256
256
256
256
256
256
256
256
256
256
256
256
256
256
256
256
256
256
256
256
256
256
256
256
256
455
230
335
335
271
315
315
350
110
110
110
110
110
322
322
284
284
284
284
284
284
284
284
284
284
284
284
284
284
284
284
284
284
284
284
284
284
284
284
284
284
284
284
284
284
284
284
284
295
295
295
295
295
295
295
295
295
295
295
295
295
295
295
295
295
295
395
395
395
395
395
395
395
395
395
395
395
395
395
395
395
395
395
395
395
395
395
395
395
395
395
395
395
395
395
395
395
395
395
395
395
395
395
395
395
395
395
395
395
395
395
395
395
395
395
395
395
395
395
395
395
395
395
395
395
395
395
395
395
395
395
395
395
395
395
395
395
395
395
395
395
395
395
395
395
395
395
395
395
395
395
395
395
395
395
395
395
395
395
395
395
395
395
395
395
395
395
395
395
395
395
395
395
395
395
395
395
395
395
395
395
395
395
395
395
395
395
395
425
547
498
252
393
264
264
214
254
209
209
338
145
636
721
219
252
952
952
389
331
197
373
349
81
81
269
66
121
67
107
64
71
111
111
111
111
193
164
164
164
110
110
110
110
110
110
125
114
285
71
156
156
106
106
88
293
156
347
135
98
264
264
264
38
38
428
50
373
307
531
331
587
61
216
587
220
397
185
164
351
174
174
174
174
174
174
174
174
174
174
174
174
174
174
174
174
174
174
174
174
181
270
364
364
93
92
109
84
70
308
78
249
503
315
102
216
91
91
232
441
247
247
247
247
119
97
96
166
75
138
453
239
110
110
110
84
454
336
76
85
181
93
307
115
124
300
338
120
207
207
346
244
97
159
159
224
73
164
164
164
164
164
164
164
193
89
327
247
109
109
240
92
224
387
105
131
437
153
153
153
322
175
98
98
98
133
155
155
198
74
129
638
135
774
220
237
121
144
144
144
288
223
549
549
549
549
86
86
86
86
111
446
113
113
113
113
113
113
68
202
205
211
170
82
82
82
82
82
82
82
120
197
232
70
118
92
110
110
184
129
129
129
367
373
319
319
68
68
68
717
717
717
717
717
717
556
556
556
86
115
48
48
48
48
48
48
48
48
48
48
48
48
48
48
48
48
48
76
113
288
67
394
44
165
194
141
123
123
102
102
102
135
135
100
100
192
85
98
212
212
184
261
270
192
211
211
86
181
69
69
216
110
110
329
492
